   4.7781026e+02   7.0216996e+02
   5.4702547e+02   8.1021466e+02
   5.8317111e+02   8.0946240e+02
   5.8922212e+02   8.1480989e+02
   5.2950036e+02   7.3234865e+02
   5.8225535e+02   8.8130598e+02
   5.3960102e+02   7.8454409e+02
   5.8499476e+02   7.9395508e+02
   5.7992206e+02   1.0156452e+03
   6.3491914e+02   8.9197607e+02
   5.4490678e+02   7.7256025e+02
   5.1766444e+02   7.4479231e+02
   5.9300246e+02   9.5760968e+02
   5.5361624e+02   7.1638006e+02
   5.4999557e+02   9.3369233e+02
   4.8827003e+02   7.1214728e+02
   5.7250523e+02   8.9223958e+02
   4.9434807e+02   6.5352253e+02
   5.1920279e+02   7.7494247e+02
   6.1035884e+02   7.0298378e+02
   5.3106630e+02   6.9564529e+02
   5.5834868e+02   7.0738821e+02
   5.7911411e+02   8.8836659e+02
   5.7120412e+02   8.2323400e+02
   5.3594362e+02   8.1074883e+02
   5.5433006e+02   7.5361042e+02
   5.8341532e+02   8.4362196e+02
   5.3841045e+02   8.3216344e+02
   6.1165459e+02   1.0110360e+03
   5.2458958e+02   8.2014520e+02
   5.8848771e+02   7.6035228e+02
   5.1640647e+02   7.5239739e+02
   5.9728283e+02   7.3724616e+02
   5.6609545e+02   7.0952270e+02
   6.4083671e+02   1.0733218e+03
   5.4608468e+02   9.0064984e+02
   5.7600112e+02   9.3159221e+02
   5.5891517e+02   6.5727327e+02
   6.0148649e+02   9.5280103e+02
   5.4165340e+02   6.9079231e+02
   5.4964593e+02   8.0972776e+02
   6.0457987e+02   1.1235562e+03
   6.0172580e+02   9.7397399e+02
   5.9715767e+02   6.4321758e+02
   5.9734955e+02   8.9739989e+02
   5.9028632e+02   9.1055895e+02
   5.7270630e+02   9.4039523e+02
   5.3041410e+02   7.5399928e+02
   6.2075769e+02   7.8919503e+02
   5.8556091e+02   9.3351603e+02
   5.6226691e+02   9.5390333e+02
   5.0214730e+02   4.5497083e+02
   6.1311431e+02   1.0289654e+03
   5.6419548e+02   1.0249752e+03
   6.2897577e+02   9.1077815e+02
   5.7940346e+02   9.1986269e+02
   6.1564325e+02   9.7276915e+02
   5.8817807e+02   5.8442620e+02
   5.3896533e+02   4.9590637e+02
   5.6436960e+02   6.7319446e+02
   5.0563040e+02   8.4310684e+02
   5.7787566e+02   8.8804570e+02
   5.1606926e+02   7.1920096e+02
   5.6069658e+02   9.9473694e+02
   6.1851693e+02   9.6760320e+02
   6.3570819e+02   7.9830334e+02
   4.9270858e+02   5.3041514e+02
   5.6974352e+02   8.5821124e+02
   5.9015471e+02   7.3067652e+02
   4.9499440e+02   7.9314334e+02
   5.8217003e+02   9.7420342e+02
   5.6815516e+02   9.6864296e+02
   6.1774774e+02   8.2733511e+02
   5.9543454e+02   8.6594113e+02
   5.6678077e+02   7.5108708e+02
   6.2112926e+02   8.4416791e+02
   5.6578741e+02   7.2929457e+02
   6.1036635e+02   9.1675171e+02
   5.2386389e+02   7.9371431e+02
   6.1689631e+02   1.0216903e+03
   6.3655589e+02   9.4708633e+02
   5.6793711e+02   8.2457571e+02
   5.5083089e+02   8.8383715e+02
   4.8627792e+02   8.1641522e+02
   5.3844214e+02   8.1204479e+02
   6.2571331e+02   9.1390751e+02
   5.8678443e+02   8.6816264e+02
   4.9960467e+02   6.8228634e+02
   5.5993641e+02   8.4520266e+02
   5.7026916e+02   7.6997440e+02
   5.6297207e+02   8.1158476e+02
   5.7367552e+02   7.9703647e+02
   5.4006294e+02   9.4704880e+02
   6.6845330e+02   1.0212419e+03
   5.5758735e+02   9.1428134e+02
   5.8197494e+02   7.9026137e+02
   5.7842037e+02   9.0118138e+02
   5.6930890e+02   9.1937651e+02
   5.5228802e+02   7.8338460e+02
   6.1213967e+02   8.6834064e+02
   5.7801457e+02   7.6744883e+02
   6.0764210e+02   1.1014731e+03
   5.7340573e+02   9.8319759e+02
   5.6212920e+02   8.3202813e+02
   5.3816708e+02   6.0414204e+02
   5.6446701e+02   6.7254505e+02
   5.6045935e+02   6.2242571e+02
   5.0431152e+02   5.8780741e+02
   5.8692137e+02   8.4753545e+02
   5.8809042e+02   9.4230146e+02
   5.2679137e+02   9.1759003e+02
   6.3421968e+02   1.0428480e+03
   6.6559137e+02   1.1754432e+03
   5.6315107e+02   6.7828574e+02
   5.0468677e+02   8.0243413e+02
   5.5803192e+02   9.8442662e+02
   5.6811963e+02   6.6220167e+02
   6.0691419e+02   1.2035650e+03
   5.7727628e+02   9.5965266e+02
   5.9733221e+02   6.2440357e+02
   5.9651606e+02   8.0744737e+02
   5.0901536e+02   8.3286248e+02
   5.9382842e+02   6.5664061e+02
   5.4386969e+02   5.1274789e+02
   4.8215276e+02   9.1705682e+02
   5.2739825e+02   8.5654499e+02
   6.1467670e+02   7.9173813e+02
   5.6861124e+02   1.0480862e+03
   6.7477565e+02   1.1795064e+03
   6.1395173e+02   1.0221566e+03
   5.1584717e+02   7.8229904e+02
   6.5229349e+02   9.0757007e+02
   6.0926184e+02   1.1520905e+03
   5.2024032e+02   8.2169487e+02
   5.7928361e+02   8.4619572e+02
   6.1233996e+02   9.3435455e+02
   5.1979262e+02   7.5389652e+02
   5.7166585e+02   7.4972309e+02
   5.6178914e+02   8.9869086e+02
   6.4495710e+02   1.0155080e+03
   5.9080999e+02   8.4389630e+02
   6.1267800e+02   8.0551190e+02
   5.3807430e+02   4.9312731e+02
   5.5608971e+02   6.6148176e+02
   5.2509659e+02   9.5040768e+02
   5.0838305e+02   7.7074186e+02
   6.5558066e+02   8.7033320e+02
   5.4507583e+02   8.0226169e+02
   5.2420666e+02   9.6221188e+02
   6.0365175e+02   8.9532885e+02
   4.8642197e+02   7.0619312e+02
   6.0110280e+02   9.4508880e+02
   5.8205755e+02   7.3851577e+02
   6.1043778e+02   1.0126282e+03
   4.7064883e+02   6.7036131e+02
   5.7509135e+02   1.0660893e+03
   5.6159104e+02   6.6032759e+02
   5.5059743e+02   8.3176437e+02
   5.7382285e+02   7.1174999e+02
   6.4668106e+02   1.1378917e+03
   5.3435421e+02   5.6627746e+02
   5.4609317e+02   9.9214067e+02
   5.8911797e+02   9.6606939e+02
   5.9094356e+02   9.6510380e+02
   5.8946292e+02   8.6450375e+02
   6.0557389e+02   7.7408992e+02
   5.4548410e+02   8.2670685e+02
   6.7820037e+02   1.1017067e+03
   5.5503928e+02   8.0051355e+02
   5.5898265e+02   7.9295814e+02
   5.6579382e+02   7.2400182e+02
   5.2616721e+02   7.2177725e+02
   6.1399249e+02   8.5500727e+02
   6.5945615e+02   9.5962760e+02
   5.9515823e+02   7.8997680e+02
   5.9383654e+02   7.2513815e+02
   5.7362756e+02   8.1245953e+02
   6.1718709e+02   8.9932964e+02
   6.0351694e+02   1.1624080e+03
   4.6437150e+02   5.5172062e+02
   6.5470163e+02   9.8773555e+02
   6.6256521e+02   1.0655996e+03
   6.1112386e+02   9.8587548e+02
   5.2759742e+02   8.5142378e+02
   5.3462747e+02   5.8685887e+02
   5.1494661e+02   6.1965642e+02
   5.9271625e+02   9.0088737e+02
   6.1432210e+02   1.0113930e+03
   5.5238282e+02   7.0768066e+02
   5.7912159e+02   8.5935692e+02
   6.2361044e+02   7.3236293e+02
   5.2556577e+02   9.6288622e+02
   5.1686872e+02   7.3573561e+02
   5.5919276e+02   7.1945367e+02
   6.0428647e+02   1.0350472e+03
   5.0415320e+02   8.2787398e+02
   5.8711758e+02   1.0051930e+03
   5.7060801e+02   9.2849083e+02
   5.3272363e+02   6.4558430e+02
   5.9439125e+02   9.4831473e+02
   4.8458179e+02   5.4004672e+02
   5.8680769e+02   6.3104123e+02
   5.8447227e+02   9.6349669e+02
   6.2242280e+02   9.0333638e+02
   5.5542380e+02   7.9270627e+02
   5.3375907e+02   9.3397159e+02
   6.5613215e+02   9.4232243e+02
   5.7307047e+02   9.4742376e+02
   5.8272454e+02   7.1841825e+02
   5.5927339e+02   9.4155652e+02
   6.1415816e+02   1.0838273e+03
   6.5467923e+02   1.2227291e+03
   5.6179490e+02   8.2808304e+02
   5.1369060e+02   8.9789402e+02
   5.9584784e+02   9.0135520e+02
   6.2662277e+02   9.5943533e+02
   5.5107516e+02   7.1135474e+02
   5.1627301e+02   8.4566647e+02
   6.0836091e+02   1.1337423e+03
   5.3955790e+02   7.0941503e+02
   6.2313216e+02   1.0608805e+03
   5.6482232e+02   8.8353706e+02
   6.1423514e+02   9.1228882e+02
   5.1960762e+02   7.2402751e+02
   5.8551641e+02   9.3738551e+02
   5.9639488e+02   6.8133228e+02
   5.6600960e+02   8.1558753e+02
   6.2089826e+02   9.2480006e+02
   4.4416891e+02   6.6685214e+02
   5.8672934e+02   7.7976249e+02
   5.3376441e+02   7.5378783e+02
   6.2349928e+02   1.0862850e+03
   4.8426025e+02   6.6736003e+02
   5.4747284e+02   8.5758913e+02
   5.0229260e+02   8.7530361e+02
   5.7096226e+02   7.2369192e+02
   5.9215810e+02   8.6425834e+02
   4.4900253e+02   6.0768351e+02
   5.2309061e+02   7.4919096e+02
   5.5601391e+02   7.1845037e+02
   5.9328656e+02   9.9102741e+02
   5.2228851e+02   8.2656164e+02
   5.3279487e+02   9.0330939e+02
   5.3328778e+02   9.1547415e+02
   4.9726804e+02   6.5377604e+02
   6.0759588e+02   7.8610633e+02
   6.0114003e+02   9.1613954e+02
   5.1366428e+02   5.5630525e+02
   5.9816354e+02   9.6222573e+02
   5.9768088e+02   8.4656620e+02
   5.9166803e+02   8.2952672e+02
   5.0329593e+02   7.8796417e+02
   6.1044474e+02   9.7399500e+02
   6.1625296e+02   1.0800416e+03
   5.4136052e+02   8.0135765e+02
   5.7407572e+02   9.2662410e+02
   5.6306377e+02   6.4102512e+02
   4.9292878e+02   6.0579546e+02
   5.3852148e+02   8.4294434e+02
   5.9712598e+02   8.5106628e+02
   5.6494932e+02   7.6008014e+02
   5.5553766e+02   8.7557100e+02
   4.6891010e+02   6.2017300e+02
   5.7754296e+02   7.2962755e+02
   5.7863987e+02   1.0119621e+03
   5.1882786e+02   6.0778113e+02
   5.6333213e+02   8.3054864e+02
   5.7679772e+02   8.3802462e+02
   6.1359519e+02   8.1416607e+02
   5.2129627e+02   6.0045551e+02
   5.7764019e+02   7.8505459e+02
   5.7341688e+02   8.9243113e+02
   5.2958765e+02   7.5546495e+02
   5.9665038e+02   8.2837230e+02
   5.3092160e+02   7.8742547e+02
   5.8038620e+02   7.3871250e+02
   5.5500226e+02   9.0295205e+02
   5.6315224e+02   6.3953570e+02
   5.2892156e+02   6.6922619e+02
   6.2040887e+02   1.1191136e+03
   5.4847791e+02   9.1268052e+02
   5.6003663e+02   7.1772754e+02
   6.8030358e+02   9.3870295e+02
   6.2531413e+02   9.5802709e+02
   5.7665782e+02   8.4064969e+02
   5.6667790e+02   8.6563696e+02
   5.4873181e+02   8.6820695e+02
   5.4877885e+02   8.4831711e+02
   4.9231101e+02   8.0978554e+02
   5.5135063e+02   6.1282763e+02
   5.5376674e+02   8.5256730e+02
   5.5777595e+02   8.4038563e+02
   4.9387353e+02   7.6697715e+02
   5.9269600e+02   9.6380529e+02
   5.1721856e+02   6.9498222e+02
   6.7088922e+02   1.0271674e+03
   5.4038638e+02   5.3810435e+02
   5.8411267e+02   9.7778465e+02
   5.8108940e+02   5.8354592e+02
   5.3257789e+02   8.7095071e+02
   5.0393871e+02   8.5594088e+02
   5.4658044e+02   8.9840376e+02
   5.1557183e+02   7.5506584e+02
   5.4173238e+02   7.5540704e+02
   6.3978670e+02   8.1698884e+02
   5.8031623e+02   7.1293506e+02
   5.3285803e+02   7.7638891e+02
   5.7543288e+02   8.4279855e+02
   5.4194363e+02   9.4626263e+02
   5.8085949e+02   8.5980740e+02
   5.4041493e+02   9.5225197e+02
   6.3535815e+02   1.0237576e+03
   5.6990214e+02   8.4052459e+02
   5.7380902e+02   9.5581288e+02
   5.1405193e+02   8.4242724e+02
   5.0251898e+02   8.4209553e+02
   6.0096432e+02   1.1506317e+03
   6.0451078e+02   8.2689116e+02
   5.1493047e+02   4.9598978e+02
   6.1788872e+02   1.0440146e+03
   6.0782987e+02   8.7420803e+02
   5.6976346e+02   6.9580122e+02
   6.0820540e+02   9.4107049e+02
   5.8739657e+02   8.1365654e+02
   6.4375486e+02   9.2443125e+02
   5.6375832e+02   8.7825233e+02
   5.9110182e+02   1.0779355e+03
   5.9179112e+02   7.1273362e+02
   5.8624152e+02   7.2593045e+02
   5.7309672e+02   8.2656065e+02
   6.3716461e+02   8.9131135e+02
   5.7464593e+02   5.9776816e+02
   6.1681445e+02   8.4171704e+02
   5.4103444e+02   8.7038527e+02
   5.7709858e+02   7.8862889e+02
   5.2355233e+02   9.0337060e+02
   4.7949255e+02   6.7652265e+02
   6.1937640e+02   1.0035354e+03
   5.9203769e+02   7.0223930e+02
   6.1377680e+02   1.2979227e+03
   5.1019531e+02   6.0765517e+02
   5.0262118e+02   6.6135353e+02
   6.2522321e+02   8.1452340e+02
   5.3218554e+02   7.4665028e+02
   6.0368908e+02   8.7439095e+02
   5.5775491e+02   9.1582786e+02
   5.8078607e+02   9.1028333e+02
   6.4928477e+02   9.8462418e+02
   5.4553229e+02   7.1312410e+02
   5.2064742e+02   5.4258018e+02
   6.0541180e+02   1.1374376e+03
   5.4558545e+02   8.2794064e+02
   5.7860277e+02   9.1512661e+02
   5.3266432e+02   8.1531978e+02
   4.5364957e+02   6.4020969e+02
   5.3124205e+02   7.2807149e+02
   5.8467864e+02   8.8780703e+02
   5.3534448e+02   7.3300179e+02
   5.8910699e+02   6.6366959e+02
   5.9262346e+02   7.7919313e+02
   6.2051917e+02   8.4179383e+02
   5.8498716e+02   5.7468647e+02
   4.8250251e+02   7.5566535e+02
   5.8380527e+02   8.7241576e+02
   5.8290252e+02   9.5962552e+02
   6.4608247e+02   8.0051883e+02
   6.2372659e+02   9.1950359e+02
   5.0167515e+02   7.2740849e+02
   5.3361824e+02   7.2415359e+02
   6.1386073e+02   9.9808193e+02
   5.1609143e+02   8.9019505e+02
   6.1083217e+02   9.3468054e+02
   5.8603979e+02   9.0471068e+02
   5.8327249e+02   7.9596538e+02
   5.8935811e+02   8.6091522e+02
   6.2448379e+02   8.7187214e+02
   6.3972216e+02   9.8109468e+02
   5.5165789e+02   7.2350843e+02
   5.4157785e+02   7.7112166e+02
   6.7660603e+02   1.1478272e+03
   5.5496605e+02   7.4873361e+02
   6.4480009e+02   1.0738776e+03
   5.5220673e+02   5.8254000e+02
   5.6371557e+02   8.8161665e+02
   5.4906309e+02   8.6617957e+02
   5.7484507e+02   9.5890235e+02
   5.6316537e+02   7.7453733e+02
   5.9460355e+02   7.7804739e+02
   5.6974152e+02   7.2655883e+02
   5.8734222e+02   7.8119053e+02
   5.9991709e+02   7.9968425e+02
   6.3078557e+02   8.7323052e+02
   6.0200374e+02   1.0891174e+03
   4.9669208e+02   6.7317427e+02
   5.5176729e+02   9.1310320e+02
   6.1091182e+02   7.5696986e+02
   6.3877762e+02   9.5999627e+02
   4.9604294e+02   6.4869580e+02
   6.0154132e+02   9.1658825e+02
   5.4923102e+02   1.1587031e+03
   5.8179863e+02   7.0088328e+02
   5.9558467e+02   6.4786730e+02
   6.1258494e+02   9.5504549e+02
   5.5765229e+02   8.7238631e+02
   6.3898392e+02   9.8372284e+02
   5.6025970e+02   9.4718734e+02
   5.2551183e+02   5.8392035e+02
   5.2189246e+02   6.7436974e+02
   4.9421637e+02   8.7049023e+02
   6.0550209e+02   8.3734594e+02
   5.3373672e+02   8.3269529e+02
   5.6116209e+02   6.4724255e+02
   6.2026251e+02   9.5900430e+02
   5.7271388e+02   6.9958722e+02
   5.9520650e+02   8.3026165e+02
   5.4863343e+02   8.0365615e+02
   5.9911989e+02   8.9378924e+02
   5.8716207e+02   8.6045942e+02
   5.3822382e+02   9.1348426e+02
   5.9778136e+02   9.9986460e+02
   5.2581114e+02   9.2447361e+02
   6.2389558e+02   7.6911809e+02
   5.7309707e+02   8.1841058e+02
   6.3336027e+02   9.2216053e+02
   6.4209434e+02   9.6784141e+02
   5.0243450e+02   6.6697858e+02
   5.5729300e+02   7.8043511e+02
   5.9711774e+02   9.1979037e+02
   4.8747247e+02   5.7663995e+02
   5.8379932e+02   8.7417419e+02
   6.1123882e+02   1.0539421e+03
   5.9877571e+02   7.5342480e+02
   5.1541740e+02   8.1788069e+02
   6.4431593e+02   1.0717620e+03
   5.6914263e+02   9.4699155e+02
   5.9657400e+02   7.8724497e+02
   5.2466950e+02   1.0115160e+03
   5.0768634e+02   8.8068438e+02
   5.4447796e+02   7.9122746e+02
   4.7512280e+02   6.2763934e+02
   5.6561789e+02   9.5061044e+02
   5.7814816e+02   7.4019541e+02
   6.1286302e+02   9.7026993e+02
   5.6432715e+02   7.1217688e+02
   6.2925626e+02   9.4270208e+02
   5.7246874e+02   8.8773655e+02
   5.3914225e+02   7.5124987e+02
   5.5983946e+02   7.5166380e+02
   5.2458636e+02   7.0810405e+02
   5.9960637e+02   8.3395962e+02
   6.1196879e+02   9.1276507e+02
   6.0768168e+02   1.1772818e+03
   5.5524317e+02   8.5301137e+02
   5.6440267e+02   8.8844731e+02
   6.0375633e+02   1.0926388e+03
   5.4588037e+02   6.6991265e+02
   4.8419843e+02   9.4289709e+02
   5.4706128e+02   8.0729101e+02
   6.5362156e+02   9.5575407e+02
   6.0262388e+02   8.2207618e+02
   6.6880706e+02   1.0011076e+03
   5.6329530e+02   5.5371173e+02
   6.0661295e+02   8.3852749e+02
   5.7997523e+02   8.6548107e+02
   5.7417554e+02   9.5829577e+02
   5.7982441e+02   9.5552231e+02
   5.5329877e+02   4.8680505e+02
   5.4749203e+02   7.0053031e+02
   5.5443307e+02   1.0542665e+03
   6.3140272e+02   1.0108270e+03
   4.9173046e+02   6.5932449e+02
   5.9276635e+02   8.8863833e+02
   5.3577354e+02   6.4551918e+02
   5.9345868e+02   8.3033252e+02
   5.7291733e+02   7.0272359e+02
   4.9131275e+02   5.8450204e+02
   5.8112678e+02   8.9326885e+02
   5.0690535e+02   7.5320466e+02
   6.2239846e+02   8.1562244e+02
   4.9766791e+02   7.4757844e+02
   5.3091352e+02   7.3325547e+02
   5.8344927e+02   1.1267673e+03
   5.7115923e+02   1.0242713e+03
   6.0707658e+02   9.2214389e+02
   5.2347170e+02   6.5560881e+02
   5.9144014e+02   1.0322596e+03
   7.0687691e+02   9.4920870e+02
   5.2078079e+02   7.7808922e+02
   4.9320645e+02   7.7119039e+02
   6.1140971e+02   1.0380721e+03
   5.9913342e+02   1.0607671e+03
   5.4408848e+02   7.9641030e+02
   5.7273519e+02   9.0037331e+02
   5.6950849e+02   8.0443716e+02
   5.9397313e+02   8.7710321e+02
   5.5483485e+02   7.9299158e+02
   5.9324181e+02   9.8269328e+02
   5.7836200e+02   8.2018567e+02
   5.4316539e+02   7.6501981e+02
   5.4099486e+02   7.2384456e+02
   5.7383309e+02   8.7133374e+02
   5.1253596e+02   7.3608247e+02
   5.5416366e+02   6.7277214e+02
   5.5336421e+02   8.8695227e+02
   5.7036993e+02   6.9023249e+02
   6.4799470e+02   9.8190736e+02
   4.9776611e+02   7.0348634e+02
   5.9058061e+02   8.0113116e+02
   6.2458416e+02   8.7254501e+02
   4.9184533e+02   6.6868289e+02
   6.0838433e+02   8.9995425e+02
   5.2713989e+02   1.0034069e+03
   5.9785831e+02   8.6489770e+02
   5.1238432e+02   7.6463579e+02
   5.9409779e+02   1.1032022e+03
   5.5813969e+02   8.1659941e+02
   6.2249516e+02   8.5976210e+02
   5.1362674e+02   6.6013461e+02
   4.9280420e+02   7.0838557e+02
   6.3893219e+02   9.9049175e+02
   5.1764591e+02   8.1077774e+02
   5.3950188e+02   7.3406528e+02
   5.4123893e+02   7.8089498e+02
   6.4237658e+02   1.0777650e+03
   5.0677120e+02   7.9861010e+02
   5.4646733e+02   1.0778300e+03
   6.1531377e+02   1.1024467e+03
   5.8225464e+02   8.2976377e+02
   5.8414081e+02   9.0725286e+02
   5.5687821e+02   6.4324970e+02
   5.5501037e+02   8.2915095e+02
   6.1692209e+02   9.2206570e+02
   5.6210187e+02   4.8353075e+02
   6.7429875e+02   1.0220469e+03
   5.0945338e+02   8.9431984e+02
   5.7417256e+02   8.3732404e+02
   5.2209413e+02   8.6744109e+02
   5.3994471e+02   7.3581358e+02
   6.6129146e+02   9.9851817e+02
   5.5541651e+02   7.1839453e+02
   5.7634989e+02   1.0104898e+03
   5.3901656e+02   6.4022162e+02
   5.7053372e+02   8.2458721e+02
   5.9404403e+02   1.1111440e+03
   5.7176776e+02   8.6541552e+02
   5.7977114e+02   9.2907225e+02
   4.5053481e+02   7.0144579e+02
   5.7954697e+02   9.1075157e+02
   6.0871833e+02   8.7707280e+02
   5.5647148e+02   1.0412793e+03
   6.2347356e+02   8.3784738e+02
   6.2109279e+02   8.2471957e+02
   6.0774482e+02   6.4048482e+02
   5.5812257e+02   7.5082801e+02
   5.2750876e+02   7.4029154e+02
   5.4068738e+02   6.4183384e+02
   5.8048365e+02   8.8012953e+02
   6.6487828e+02   8.8448277e+02
   4.6692396e+02   4.4967831e+02
   6.0594967e+02   9.7479592e+02
   5.0534778e+02   5.6070150e+02
   5.8750826e+02   9.9450690e+02
   5.7933903e+02   7.7224845e+02
   5.2177277e+02   7.5318524e+02
   6.1189428e+02   1.1445488e+03
   5.5231370e+02   7.6809812e+02
   5.2462573e+02   7.7824112e+02
   5.3001913e+02   8.5529569e+02
   5.6695025e+02   6.4513423e+02
   5.9295381e+02   8.4096419e+02
   6.2744844e+02   9.0888545e+02
   5.8549261e+02   9.0993430e+02
   6.0317845e+02   9.1309531e+02
   4.8153246e+02   7.0987018e+02
   5.7843467e+02   1.0274593e+03
   5.4973228e+02   8.3123081e+02
   6.0772597e+02   9.4105857e+02
   5.9825262e+02   8.3801043e+02
   6.2744621e+02   9.4233500e+02
   5.5341754e+02   8.8105878e+02
   4.7705985e+02   6.2023175e+02
   5.7009200e+02   8.7900458e+02
   5.9071830e+02   9.5789215e+02
   5.3260558e+02   9.0251648e+02
   6.3660119e+02   9.7638219e+02
   5.9025764e+02   8.8228329e+02
   5.7725584e+02   9.9075267e+02
   6.2449945e+02   1.0751319e+03
   5.7200251e+02   7.9869426e+02
   5.6874933e+02   9.6545756e+02
   5.2483086e+02   8.6400458e+02
   5.5137201e+02   8.5635905e+02
   6.1856603e+02   1.0167431e+03
   4.7757249e+02   6.6366573e+02
   5.7000305e+02   7.0122033e+02
   5.7675434e+02   7.1401715e+02
   6.0330587e+02   1.1251274e+03
   5.6973544e+02   8.7716319e+02
   6.0597427e+02   9.6738971e+02
   5.2645639e+02   8.6253408e+02
   5.2434058e+02   5.6785373e+02
   5.1632320e+02   6.4174960e+02
   4.5203223e+02   5.1544313e+02
   4.9338582e+02   6.8731708e+02
   5.5682817e+02   5.2756260e+02
   5.1035105e+02   7.2332510e+02
   6.2404439e+02   1.1408679e+03
   5.5505454e+02   7.4996307e+02
   6.1460517e+02   1.1399548e+03
   5.0935931e+02   5.4677150e+02
   5.1280424e+02   7.5400742e+02
   5.6555957e+02   9.3237941e+02
   5.1104743e+02   8.2370522e+02
   5.0132140e+02   1.0254413e+03
   5.4092718e+02   8.2891477e+02
   5.1258852e+02   1.0911117e+03
   4.9337146e+02   7.9405343e+02
   5.7345683e+02   7.5208237e+02
   5.3627220e+02   7.2010174e+02
   6.1431831e+02   8.5639681e+02
   5.7087629e+02   8.4578357e+02
   5.3452817e+02   8.5464806e+02
   6.7722650e+02   1.1271021e+03
   6.2566763e+02   9.3912958e+02
   6.6348296e+02   9.7337716e+02
   5.5474527e+02   6.7537608e+02
   5.4252847e+02   1.0278545e+03
   5.4727812e+02   8.2300192e+02
   5.4103838e+02   6.3428103e+02
   5.9361061e+02   8.1222832e+02
   5.8597085e+02   7.5375070e+02
   5.9697344e+02   8.2849604e+02
   5.8002329e+02   9.2093370e+02
   5.4108618e+02   8.4256929e+02
   5.6977706e+02   9.8504983e+02
   5.5454081e+02   7.4006611e+02
   6.4932310e+02   9.8090799e+02
   5.1793680e+02   7.8785742e+02
   4.9961984e+02   6.7912684e+02
   6.0987781e+02   8.8681529e+02
   5.4060879e+02   1.0562700e+03
   5.7202936e+02   9.0623261e+02
   6.0165647e+02   1.0074630e+03
   5.8962016e+02   1.1159344e+03
   5.7473745e+02   9.6052501e+02
   6.0787764e+02   9.0381012e+02
   5.7958970e+02   1.0605957e+03
   5.8689778e+02   9.9311920e+02
   5.9396385e+02   8.8899316e+02
   4.9579019e+02   8.2801498e+02
   5.5963923e+02   9.1084398e+02
   4.8942702e+02   8.4400903e+02
   5.3816930e+02   7.8884265e+02
   5.6606198e+02   8.5731037e+02
   5.6888133e+02   8.8271524e+02
   5.5470026e+02   7.4701376e+02
   4.6732307e+02   7.3789985e+02
   5.6976030e+02   9.4062098e+02
   5.2614591e+02   8.5759315e+02
   5.6334225e+02   8.6605257e+02
   5.8474942e+02   8.6374660e+02
   6.0456333e+02   1.0570487e+03
   5.2908134e+02   6.9855837e+02
   6.4607285e+02   9.6659984e+02
   5.6678989e+02   5.3030272e+02
   6.0008549e+02   9.3140984e+02
   6.4843672e+02   9.8108159e+02
   5.3549563e+02   7.3149724e+02
   6.5469021e+02   1.0462145e+03
   5.6418275e+02   9.0797341e+02
   5.7271356e+02   9.4724776e+02
   5.3161173e+02   7.9259765e+02
   5.8585224e+02   8.8217323e+02
   5.7710816e+02   8.6711465e+02
   6.1015802e+02   1.1209933e+03
   5.5557126e+02   7.9331975e+02
   5.7432120e+02   8.4078871e+02
   5.4384069e+02   8.1831547e+02
   5.2816447e+02   6.2991063e+02
   5.5167313e+02   8.3211351e+02
   6.2063234e+02   1.0881256e+03
   5.8469732e+02   1.0168715e+03
   5.3921170e+02   8.7146528e+02
   5.3176318e+02   9.0429028e+02
   5.4212507e+02   9.4624890e+02
   5.7440185e+02   9.8225944e+02
   6.4725778e+02   1.2169529e+03
   5.7337878e+02   4.5623470e+02
   5.9186435e+02   6.9398990e+02
   5.1110828e+02   7.7570852e+02
   5.5751782e+02   6.4039604e+02
   5.7319962e+02   7.4853201e+02
   5.4635684e+02   8.1465039e+02
   5.5137767e+02   9.1891928e+02
   5.5850312e+02   7.0228100e+02
   5.7584918e+02   1.0036400e+03
   6.0205931e+02   9.2715998e+02
   6.1081087e+02   9.8308002e+02
   5.6148695e+02   8.1840159e+02
   5.6246706e+02   8.9879109e+02
   6.5884320e+02   7.4239363e+02
   5.0083246e+02   6.6203256e+02
   6.1520656e+02   8.4703959e+02
   5.3402237e+02   8.2531350e+02
   5.2569771e+02   6.0259971e+02
   5.8469054e+02   9.9977793e+02
   5.5869829e+02   7.4044200e+02
   5.1839215e+02   6.0686398e+02
   4.7596876e+02   3.2678706e+02
   5.6202549e+02   8.5570036e+02
   5.3771731e+02   7.3149775e+02
   5.7095613e+02   8.9149659e+02
   5.6279797e+02   9.0760002e+02
   5.4993119e+02   5.7608712e+02
   5.3206093e+02   8.2036074e+02
   5.8937139e+02   8.5354371e+02
   5.1608868e+02   6.4629545e+02
   5.5558189e+02   8.6966555e+02
   5.1906904e+02   7.8685629e+02
   6.2571624e+02   1.2479104e+03
   5.8865949e+02   9.4572472e+02
   5.7594311e+02   8.1373060e+02
   5.5911144e+02   7.2771599e+02
   4.9262905e+02   6.8614684e+02
   5.5793924e+02   7.6133781e+02
   5.8259770e+02   9.2601259e+02
   5.9357225e+02   7.1731387e+02
   6.0093272e+02   9.3811084e+02
   6.6746719e+02   1.1155663e+03
   6.7650451e+02   1.0220669e+03
   5.2556645e+02   5.6927641e+02
   5.8841830e+02   8.4202291e+02
   6.5533051e+02   1.0123648e+03
   5.6882334e+02   9.0966367e+02
   6.3384643e+02   9.0249985e+02
   6.2030528e+02   8.3900557e+02
   4.5014894e+02   5.2611862e+02
   5.2500333e+02   6.1180366e+02
   5.6525646e+02   7.8567796e+02
   5.0463150e+02   5.1888110e+02
   6.0987921e+02   9.1426368e+02
   6.0096168e+02   1.0120076e+03
   5.4781264e+02   8.5617497e+02
   6.2560345e+02   8.8961968e+02
   4.7113399e+02   6.2071286e+02
   4.9396249e+02   8.0452147e+02
   6.2582738e+02   1.1755813e+03
   6.2475164e+02   9.8932907e+02
   5.9472786e+02   7.7145015e+02
   5.2155373e+02   9.0477479e+02
   5.9108086e+02   6.8714958e+02
   5.2082041e+02   8.4802023e+02
   4.9603700e+02   8.0823175e+02
   5.7333142e+02   9.1006214e+02
   5.3735936e+02   8.9412902e+02
   5.6038474e+02   6.1152940e+02
   5.2707290e+02   7.1642673e+02
   6.0400717e+02   9.2354231e+02
   5.9862182e+02   1.0236228e+03
   6.4460143e+02   1.0189386e+03
   5.3107007e+02   7.3788297e+02
   5.9079012e+02   8.4601428e+02
   6.3431851e+02   9.2686116e+02
   5.7535771e+02   8.9684439e+02
   5.2598686e+02   8.2340675e+02
   5.5690672e+02   8.2377969e+02
   5.7633672e+02   9.4152557e+02
   5.8295316e+02   1.0272439e+03
   5.4417776e+02   6.2943675e+02
   6.1546755e+02   8.0099742e+02
   5.8840459e+02   6.8771737e+02
   5.3148358e+02   7.6071829e+02
   5.8708304e+02   9.1456346e+02
   5.8438542e+02   8.4176066e+02
   5.5977025e+02   5.5844776e+02
   6.3817170e+02   8.8435953e+02
   5.2391257e+02   8.2913153e+02
   5.5123449e+02   9.8088017e+02
   4.8969223e+02   6.0976621e+02
   5.7310984e+02   1.0464936e+03
   5.9459669e+02   7.6895894e+02
   5.3584700e+02   6.5007691e+02
   6.0586814e+02   9.1394532e+02
   5.5989334e+02   7.5368708e+02
   6.2650035e+02   9.6368860e+02
   5.4406653e+02   1.0048515e+03
   6.8886296e+02   9.7453645e+02
   5.7668633e+02   9.1107548e+02
   5.8638009e+02   9.2069971e+02
   5.6134287e+02   6.7627075e+02
   6.4114742e+02   1.0217754e+03
   5.3467307e+02   6.8651230e+02
   5.8851589e+02   1.0912729e+03
   5.3877702e+02   6.7281912e+02
   5.9933173e+02   9.5509914e+02
   5.2881211e+02   8.7313113e+02
   5.6858889e+02   7.8887992e+02
   5.8136187e+02   8.2979966e+02
   5.4410842e+02   5.4291416e+02
   5.6913494e+02   7.9991649e+02
   6.3170762e+02   1.0514175e+03
   5.9483915e+02   8.2991009e+02
   6.4245897e+02   1.0522661e+03
   6.4889926e+02   9.7541000e+02
   5.5524579e+02   1.0640187e+03
   5.0488761e+02   7.1498286e+02
   4.4888799e+02   9.2789572e+02
   6.2022372e+02   9.4871751e+02
   5.8472371e+02   8.0850842e+02
   6.0014809e+02   8.2478638e+02
   5.8278919e+02   8.8751646e+02
   5.7851521e+02   9.4977004e+02
   5.7832557e+02   8.0450514e+02
   5.5813827e+02   8.9463140e+02
   6.0823524e+02   1.1545925e+03
   5.2881913e+02   9.5643833e+02
   5.6854532e+02   6.7878123e+02
   5.2977978e+02   6.3719335e+02
   5.0043448e+02   9.2281861e+02
   4.9631333e+02   8.5073549e+02
   5.0103303e+02   7.2239184e+02
   5.4212889e+02   9.8424744e+02
   5.0032054e+02   6.5177703e+02
   5.2059549e+02   8.8302089e+02
   5.3823188e+02   6.4792431e+02
   5.6311796e+02   9.2642984e+02
   5.7405936e+02   6.2724350e+02
   6.0419116e+02   9.1432727e+02
   5.9885420e+02   6.6023924e+02
   5.8065161e+02   8.0819984e+02
   5.5392305e+02   8.1609842e+02
   5.2132041e+02   6.5450227e+02
   5.9560495e+02   8.0048764e+02
   6.0433967e+02   8.0209852e+02
   5.6308916e+02   8.3788479e+02
   5.5497244e+02   9.9102119e+02
   5.6641971e+02   9.3774710e+02
   6.0066478e+02   6.5813083e+02
   5.0156717e+02   9.1831198e+02
   6.3066779e+02   9.5984598e+02
   6.3427764e+02   9.6960563e+02
   5.7961989e+02   9.2028321e+02
   6.4220287e+02   1.0052299e+03
   5.2714676e+02   7.5059049e+02
   5.0824591e+02   8.2441048e+02
   4.8481234e+02   6.4857188e+02
   5.4884614e+02   8.2955220e+02
   5.3877746e+02   9.0195713e+02
   5.5302013e+02   8.0835384e+02
   5.9303939e+02   8.9759257e+02
   5.5178742e+02   8.5530218e+02
   5.1180828e+02   7.6080445e+02
   4.8034759e+02   6.6585421e+02
   6.3403022e+02   1.0715413e+03
   5.3275581e+02   8.5967714e+02
   6.0431252e+02   1.0669339e+03
   5.2251631e+02   8.3577386e+02
   6.6230579e+02   1.0939386e+03
   5.9272435e+02   1.0328120e+03
   4.9889933e+02   7.7179180e+02
   6.2837599e+02   8.2646306e+02
   5.6990004e+02   7.8251066e+02
   6.1366086e+02   7.6116253e+02
   5.7063732e+02   8.7681524e+02
   5.8126895e+02   9.5740409e+02
   5.4201524e+02   6.5425228e+02
   5.9261611e+02   1.0490804e+03
   5.6261084e+02   7.6166876e+02
   6.0968974e+02   1.0625924e+03
   4.8755833e+02   6.9079369e+02
   5.3004484e+02   7.3374636e+02
   5.7404721e+02   8.7239018e+02
   5.6732786e+02   1.0021681e+03
   5.8652335e+02   8.4954029e+02
   5.6821661e+02   8.9484594e+02
   6.6944405e+02   1.0402998e+03
   5.6347290e+02   9.1735993e+02
   6.3120248e+02   1.1785078e+03
   5.5744802e+02   8.4983622e+02
   5.7873898e+02   8.7557358e+02
   5.6187383e+02   6.5958246e+02
   5.4452715e+02   6.9612945e+02
   5.6450115e+02   7.9250259e+02
   5.2616077e+02   7.6791096e+02
   6.3888344e+02   9.6690456e+02
   6.0944919e+02   8.2097416e+02
   5.5973649e+02   7.1940064e+02
   5.1363406e+02   5.3850584e+02
   6.2529937e+02   9.4279223e+02
   5.2009944e+02   8.6715776e+02
   5.5020263e+02   8.7551458e+02
   5.8100704e+02   8.7109794e+02
   5.9509314e+02   9.2425375e+02
   5.8804209e+02   9.8476903e+02
   5.3803892e+02   8.1663797e+02
   6.1979118e+02   8.9030405e+02
   4.9791758e+02   6.9980819e+02
   5.2705612e+02   8.8424227e+02
   6.0811004e+02   9.2701555e+02
   5.8451453e+02   9.7777760e+02
   5.7675011e+02   9.1614974e+02
   5.9174972e+02   8.9842890e+02
   5.9196666e+02   7.5683392e+02
   5.6822406e+02   1.0601372e+03
   6.3882102e+02   9.1182852e+02
   5.6565412e+02   9.5868742e+02
   5.5879600e+02   8.3778319e+02
   5.9987242e+02   1.0039325e+03
   5.8391089e+02   9.4801362e+02
   6.5579102e+02   9.4783763e+02
   5.4408855e+02   9.1072796e+02
   5.0971281e+02   8.8590584e+02
   5.1591847e+02   9.0947822e+02
   5.4666877e+02   1.0086381e+03
   5.8342576e+02   8.1724794e+02
   5.9859392e+02   6.4018914e+02
   6.0465764e+02   1.0139186e+03
   5.4340614e+02   7.5047063e+02
   5.2418626e+02   7.4984430e+02
   6.1573619e+02   9.8801368e+02
   6.0605145e+02   6.0296534e+02
   5.2412442e+02   9.7110620e+02
   5.1133769e+02   5.6050322e+02
   5.4043280e+02   9.1798747e+02
   5.1195805e+02   7.7667441e+02
   6.4327751e+02   9.8090330e+02
   5.7772112e+02   8.8410424e+02
   6.2627156e+02   8.2735001e+02
   5.8994640e+02   9.2654569e+02
   6.2192055e+02   7.9184387e+02
   6.0688634e+02   9.1127062e+02
   4.9239965e+02   4.0431436e+02
   6.0965566e+02   9.8171068e+02
   6.5414966e+02   8.9619971e+02
   6.1714872e+02   1.0614645e+03
   5.2224386e+02   4.4772587e+02
   5.6011168e+02   8.5932011e+02
   5.5764435e+02   8.4197453e+02
   5.7482748e+02   1.0579780e+03
   6.0238848e+02   9.4155890e+02
   5.2817925e+02   8.2369789e+02
   5.3852030e+02   9.3923583e+02
   5.1592194e+02   5.9812603e+02
   5.7868174e+02   9.2188778e+02
   5.3585713e+02   6.8508321e+02
   5.3538436e+02   1.0489637e+03
   5.6778252e+02   1.0693714e+03
   6.0474754e+02   8.2774633e+02
   6.0057978e+02   9.3389796e+02
   5.4588920e+02   1.0047168e+03
   5.5261474e+02   7.5045099e+02
   5.2798626e+02   8.9491159e+02
   5.6917996e+02   8.2125415e+02
   6.1643361e+02   8.6519796e+02
   5.9737845e+02   1.0569156e+03
   6.4273792e+02   1.1259124e+03
   5.7826059e+02   8.0545655e+02
   6.4803986e+02   1.0572174e+03
   5.7242701e+02   9.7176625e+02
   6.0540264e+02   1.0393546e+03
   4.9940701e+02   9.7926512e+02
   5.5101689e+02   9.4842763e+02
   5.6006048e+02   8.9569388e+02
   6.5927678e+02   1.0279901e+03
   6.1288881e+02   7.6141285e+02
   6.4477348e+02   1.1536639e+03
   6.1917138e+02   9.5796150e+02
   5.8298817e+02   9.7668405e+02
   6.1672492e+02   7.4903062e+02
   4.9754336e+02   7.0695921e+02
   5.5143239e+02   7.6446298e+02
   6.5317754e+02   1.0679639e+03
   5.6713284e+02   7.3732969e+02
   5.3463953e+02   7.4457388e+02
   5.3654697e+02   6.8486376e+02
   5.9192404e+02   9.0683794e+02
   5.8756221e+02   7.6560972e+02
   6.2180070e+02   9.5529618e+02
   5.2565785e+02   5.6727705e+02
   5.2339439e+02   7.6749144e+02
   5.8363717e+02   5.9479205e+02
   5.6018062e+02   6.9584823e+02
   6.0928735e+02   9.2328152e+02
   5.5029598e+02   7.9713703e+02
   5.0917787e+02   5.3550990e+02
   5.5515514e+02   6.4497521e+02
   5.5724167e+02   7.7368360e+02
   5.9781122e+02   1.1304228e+03
   5.2772182e+02   5.8193896e+02
   5.7305642e+02   8.8657984e+02
   5.8727193e+02   7.1368112e+02
   5.3790726e+02   8.1528243e+02
   5.9821781e+02   9.3378257e+02
   7.2258687e+02   1.1807986e+03
   5.5807025e+02   1.0392448e+03
   5.6110728e+02   7.8169529e+02
   6.3344679e+02   9.1060210e+02
   5.2916665e+02   5.8623634e+02
   4.9470144e+02   4.9580244e+02
   5.7534743e+02   9.5983011e+02
   6.9662483e+02   1.0966023e+03
   5.9696684e+02   1.2671391e+03
   6.2276770e+02   9.8884920e+02
   5.7173896e+02   9.0274184e+02
   6.0199869e+02   9.8650054e+02
   5.9849606e+02   9.6649359e+02
   5.1324360e+02   7.8235514e+02
   5.6765937e+02   6.8974205e+02
   5.8998356e+02   9.9178604e+02
   4.6113662e+02   7.1131399e+02
   6.2773190e+02   1.0356232e+03
   6.2531164e+02   9.8648213e+02
   6.5320962e+02   9.9267126e+02
   5.5739734e+02   8.7675788e+02
   5.8585514e+02   9.0643717e+02
   5.4889724e+02   1.0413389e+03
   5.9051850e+02   7.0456984e+02
   5.4581982e+02   7.8435498e+02
   5.6130605e+02   8.0035061e+02
   5.9849530e+02   8.9786829e+02
   6.0194959e+02   8.9559622e+02
   4.9679086e+02   8.1483051e+02
   5.5741682e+02   8.6403965e+02
   6.6772776e+02   1.0019952e+03
   5.7044800e+02   7.8453799e+02
   5.8837449e+02   8.5048321e+02
   6.9117333e+02   1.0630878e+03
   5.6485274e+02   9.1744631e+02
   5.7500045e+02   7.3129953e+02
   5.6121828e+02   9.5418473e+02
   5.7387930e+02   9.3706415e+02
   5.6565490e+02   9.0902351e+02
   5.3148513e+02   8.5161560e+02
   5.3877887e+02   8.9932037e+02
   5.8662600e+02   7.6241780e+02
   5.3146805e+02   8.7353590e+02
   5.3092658e+02   8.2498402e+02
   5.4343488e+02   8.0092943e+02
   5.4646172e+02   8.1926999e+02
   5.5979422e+02   8.7305352e+02
   5.5872076e+02   8.6643677e+02
   5.3833592e+02   7.2819571e+02
   5.4930065e+02   8.1052360e+02
   5.4910781e+02   7.5170442e+02
   6.6048710e+02   1.0508165e+03
   6.0483488e+02   7.9082759e+02
   7.0789101e+02   9.8535961e+02
   5.5367996e+02   5.7210279e+02
   5.9008074e+02   8.5028580e+02
   6.0861279e+02   9.2671455e+02
   5.9847134e+02   1.0211105e+03
   5.4948959e+02   7.7142361e+02
   6.1331268e+02   6.4927954e+02
   5.7698140e+02   7.6869792e+02
   6.0181085e+02   7.5761054e+02
   5.6020757e+02   8.5666040e+02
   5.3665647e+02   8.7785857e+02
   5.9123210e+02   8.3855859e+02
   4.6553375e+02   9.0428594e+02
   5.9975267e+02   7.6247460e+02
   5.8683751e+02   6.9394148e+02
   6.2808520e+02   8.3586922e+02
   5.2074032e+02   7.5782322e+02
   5.5452660e+02   8.1578251e+02
   5.7105350e+02   8.1141532e+02
   5.3101738e+02   9.0868220e+02
   5.9087777e+02   6.7507957e+02
   4.9624998e+02   7.3005867e+02
   6.5462540e+02   8.5664021e+02
   5.3973454e+02   7.2023999e+02
   5.8868811e+02   9.4443756e+02
   6.6122424e+02   9.4596892e+02
   5.9654622e+02   9.3922156e+02
   5.4242413e+02   9.6838963e+02
   4.9381830e+02   8.4690982e+02
   6.1294037e+02   1.1344767e+03
   5.9094617e+02   1.1646354e+03
   5.8885174e+02   7.7326039e+02
   5.9525600e+02   7.3656964e+02
   6.3860273e+02   8.2679061e+02
   5.7160079e+02   8.7963894e+02
   6.1549403e+02   8.7685727e+02
   6.2355957e+02   9.7517694e+02
   5.7706560e+02   9.6784025e+02
   5.6287872e+02   8.2240694e+02
   5.4337383e+02   7.6115054e+02
   5.8708044e+02   9.9173094e+02
   5.0617032e+02   9.1612819e+02
   6.4988346e+02   8.8936661e+02
   5.0439631e+02   6.8416422e+02
   6.2385613e+02   7.9805403e+02
   5.6870154e+02   6.8659315e+02
   5.2268134e+02   8.1581162e+02
   5.5152902e+02   7.2014766e+02
   5.5189011e+02   7.6557996e+02
   4.3641543e+02   4.4127863e+02
   5.5216437e+02   7.0484702e+02
   6.2409730e+02   8.4572866e+02
   5.5354794e+02   8.0527633e+02
   5.5732414e+02   9.6761554e+02
   5.3872582e+02   5.8235733e+02
   5.3336141e+02   9.2407384e+02
   4.8771059e+02   8.1945242e+02
   5.8524585e+02   6.8806566e+02
   5.7158970e+02   6.8401583e+02
   5.9009322e+02   9.1580099e+02
   5.4522184e+02   7.9870928e+02
   5.6591352e+02   8.5287732e+02
   5.3532299e+02   5.8639695e+02
   5.3647563e+02   8.3075605e+02
   5.7830858e+02   5.3847179e+02
   5.9892530e+02   9.7456124e+02
   5.1584047e+02   5.8920752e+02
   6.1060083e+02   9.4649622e+02
   5.9999208e+02   7.2899035e+02
   6.0814602e+02   7.7971025e+02
   6.3736765e+02   6.8119961e+02
   5.4179257e+02   6.5038105e+02
   6.1000322e+02   8.8933964e+02
   5.2620569e+02   7.0104047e+02
   5.2045427e+02   7.6051827e+02
   6.4003901e+02   8.8852480e+02
   5.1389621e+02   8.5772250e+02
   5.5847803e+02   7.1848678e+02
   5.7649489e+02   9.2802202e+02
   5.4433075e+02   6.1806467e+02
   5.9482306e+02   1.0148643e+03
   5.7374282e+02   7.6374712e+02
   5.6751634e+02   1.0475998e+03
   5.6009268e+02   9.6099651e+02
   5.9220876e+02   9.2517707e+02
   5.9940534e+02   7.7089573e+02
   5.3747187e+02   8.7092323e+02
   5.3761342e+02   9.3549432e+02
   5.4104694e+02   7.9349391e+02
   6.3546405e+02   8.9151188e+02
   5.3959429e+02   7.4331772e+02
   5.5283000e+02   7.4338481e+02
   5.6810688e+02   6.9608742e+02
   5.3428870e+02   8.5978132e+02
   6.0424408e+02   9.2970506e+02
   5.5170706e+02   8.2357527e+02
   6.0394451e+02   8.4607525e+02
   5.2435927e+02   6.6446828e+02
   6.5730105e+02   1.1728529e+03
   5.4618805e+02   7.8033059e+02
   4.9987797e+02   1.0731452e+03
   6.1963004e+02   1.0794493e+03
   6.0744435e+02   8.6432196e+02
   5.1175477e+02   8.6691331e+02
   6.0313797e+02   9.0023983e+02
   6.5865609e+02   1.1021879e+03
   5.4871533e+02   9.2697789e+02
   5.1503643e+02   5.9359435e+02
   5.7756885e+02   9.2533129e+02
   5.6625649e+02   7.7848084e+02
   5.6755299e+02   9.7504414e+02
   6.0347409e+02   9.9168353e+02
   5.5593346e+02   7.1558793e+02
   5.5318503e+02   8.6700536e+02
   6.4003932e+02   8.4781496e+02
   5.5373122e+02   8.1565018e+02
   5.8999981e+02   9.3045950e+02
   5.1217876e+02   8.4567791e+02
   5.4690514e+02   6.9848486e+02
   6.1237883e+02   8.6335516e+02
   6.1793900e+02   1.0628535e+03
   5.2388949e+02   6.9843231e+02
   5.9709328e+02   8.4709155e+02
   5.9718947e+02   7.9438605e+02
   5.8152768e+02   7.1684365e+02
   4.7021330e+02   7.6281789e+02
   5.6588596e+02   7.0833953e+02
   5.9892603e+02   9.3111765e+02
   4.8092641e+02   7.9943922e+02
   6.0601571e+02   8.8035846e+02
   5.7310248e+02   8.2188676e+02
   5.6328214e+02   8.5493254e+02
   5.9959117e+02   8.7339191e+02
   5.9091045e+02   8.3733983e+02
   5.8855655e+02   7.6953478e+02
   5.8778301e+02   9.0996945e+02
   5.5066945e+02   8.9546827e+02
   6.1987600e+02   8.4362738e+02
   5.9879378e+02   8.7080928e+02
   5.6771833e+02   8.8790235e+02
   5.8474613e+02   8.8985646e+02
   5.7038000e+02   4.7206995e+02
   5.8803806e+02   8.2128793e+02
   5.1587088e+02   8.5108669e+02
   5.6998528e+02   1.0601402e+03
   5.0940601e+02   7.5504114e+02
   5.0814766e+02   7.7393848e+02
   5.8082167e+02   9.0483014e+02
   6.1443382e+02   8.5787232e+02
   5.4640687e+02   7.1610790e+02
   5.7879419e+02   8.0598591e+02
   6.3104187e+02   9.1320173e+02
   5.9032435e+02   9.8631656e+02
   5.3801797e+02   7.6000108e+02
   5.3302240e+02   5.2014185e+02
   5.3566205e+02   7.6040083e+02
   5.7854949e+02   6.7542948e+02
   6.5570191e+02   9.9728940e+02
   4.8978483e+02   8.0676372e+02
   5.7437766e+02   8.0397837e+02
   5.7878295e+02   8.5645774e+02
   5.6980244e+02   8.4734629e+02
   5.7573624e+02   9.6659721e+02
   5.0571995e+02   5.6703494e+02
   6.1561690e+02   9.9506575e+02
   6.5775685e+02   1.0932320e+03
   5.5310984e+02   7.7748508e+02
   5.4900850e+02   9.0711153e+02
   5.5226672e+02   8.5819378e+02
   5.4921055e+02   8.2520087e+02
   5.8835609e+02   9.7479203e+02
   5.7638017e+02   9.1038044e+02
   5.0038005e+02   5.6695356e+02
   6.2104453e+02   9.9590630e+02
   5.5514663e+02   7.9813869e+02
   5.9725701e+02   1.0111327e+03
   6.1935615e+02   9.0040192e+02
   6.0751509e+02   8.5299222e+02
   5.7231370e+02   9.8962401e+02
   5.6742832e+02   1.0325471e+03
   5.5456678e+02   8.0215889e+02
   5.9702898e+02   8.2604803e+02
   5.8659178e+02   8.2689668e+02
   5.7675650e+02   7.1924032e+02
   6.3531014e+02   9.8330796e+02
   5.4547212e+02   7.6397023e+02
   5.3092305e+02   7.4259138e+02
   5.5234403e+02   6.5114479e+02
   6.0893264e+02   8.4752241e+02
   5.9145200e+02   8.4116459e+02
   5.9035612e+02   9.5210189e+02
   5.9618752e+02   9.2614515e+02
   5.5256696e+02   6.9378797e+02
   5.9362883e+02   7.2518323e+02
   5.8449018e+02   5.3231399e+02
   6.2743214e+02   9.4981659e+02
   4.9987228e+02   6.9163944e+02
   5.2071324e+02   6.1652468e+02
   5.7174679e+02   7.4070779e+02
   5.0194109e+02   8.0616238e+02
   5.9556912e+02   1.0480647e+03
   5.9056658e+02   1.0140131e+03
   5.9984594e+02   1.0401568e+03
   6.0886263e+02   9.7823358e+02
   4.9124081e+02   7.9725724e+02
   5.6922409e+02   7.7741688e+02
   5.6620791e+02   5.9597858e+02
   5.9653293e+02   9.7459424e+02
   6.4003048e+02   1.0789732e+03
   5.0966905e+02   8.0671659e+02
   5.6900369e+02   6.7564764e+02
   6.1388405e+02   9.3341383e+02
   5.1913180e+02   8.5313857e+02
   6.5028053e+02   7.3042032e+02
   5.2347152e+02   8.9019691e+02
   4.9702498e+02   8.2997036e+02
   6.6131915e+02   8.9678013e+02
   5.8103231e+02   9.0816125e+02
   5.7764944e+02   8.9552979e+02
   5.7021956e+02   5.8310527e+02
   5.2670481e+02   6.8753180e+02
   4.8847269e+02   7.3118018e+02
   5.2229592e+02   7.5076367e+02
   4.9178860e+02   5.4362397e+02
   6.4110069e+02   1.2815174e+03
   6.0657369e+02   8.1348282e+02
   6.2112487e+02   9.5548403e+02
   6.0374902e+02   8.4123971e+02
   5.5795035e+02   6.5856836e+02
   5.8952924e+02   9.0548127e+02
   5.7732246e+02   8.5047060e+02
   5.8126863e+02   7.4715687e+02
   5.8313694e+02   9.3416122e+02
   6.1154753e+02   8.0412447e+02
   5.9085276e+02   7.0014756e+02
   5.8429612e+02   8.6418310e+02
   5.9203223e+02   9.5395173e+02
   5.2331648e+02   6.9418156e+02
   5.6415774e+02   8.8970988e+02
   6.5119538e+02   1.2386579e+03
   5.4291507e+02   8.6449943e+02
   5.5984798e+02   7.4506553e+02
   5.8649082e+02   9.1671174e+02
   5.6244938e+02   7.0880282e+02
   5.5133524e+02   8.4638734e+02
   5.6654038e+02   6.3971071e+02
   5.5169571e+02   8.3213209e+02
   6.1882516e+02   7.5054463e+02
   6.3093922e+02   1.0274682e+03
   5.6607377e+02   6.0042378e+02
   5.6156464e+02   9.4385160e+02
   5.4915595e+02   9.0873231e+02
   5.9427289e+02   1.0138024e+03
   6.4904115e+02   1.0324653e+03
   5.4159327e+02   9.3829314e+02
   6.2513218e+02   1.0840875e+03
   5.3011228e+02   7.7580922e+02
   4.9971996e+02   7.7671201e+02
   5.1148968e+02   5.9010120e+02
   5.2820730e+02   6.5521794e+02
   5.1151887e+02   7.2853222e+02
   5.1122457e+02   7.6827297e+02
   5.5761338e+02   6.9317767e+02
   5.8992819e+02   1.0313621e+03
   5.8357517e+02   7.8810501e+02
   6.1365149e+02   7.0601304e+02
   5.9185680e+02   8.2038124e+02
   6.3455364e+02   7.4495297e+02
   5.7192793e+02   8.9311594e+02
   5.2467943e+02   4.6479297e+02
   5.8353814e+02   8.9618158e+02
   6.0244598e+02   9.4345772e+02
   5.4050379e+02   8.0547142e+02
   6.0755557e+02   6.9917452e+02
   5.4030763e+02   8.0983520e+02
   5.6484738e+02   6.8582764e+02
   5.6679702e+02   5.2110418e+02
   5.9074397e+02   6.1527138e+02
   5.9434047e+02   1.0301978e+03
   5.4960682e+02   9.3634573e+02
   5.2951163e+02   7.9711423e+02
   5.5938451e+02   8.6248510e+02
   6.4517352e+02   1.2128308e+03
   5.4337266e+02   6.6260482e+02
   5.5328326e+02   6.9702751e+02
   5.6589856e+02   7.0030647e+02
   5.6177939e+02   1.0025171e+03
   4.6332457e+02   8.5993942e+02
   5.6857753e+02   8.2837525e+02
   5.8041131e+02   8.2571297e+02
   5.4527416e+02   9.0141911e+02
   5.8357592e+02   9.8522499e+02
   6.6660717e+02   1.1180207e+03
   6.0153169e+02   9.6044097e+02
   5.3929068e+02   7.7095405e+02
   5.6846486e+02   7.2056499e+02
   6.0672724e+02   1.0966040e+03
   5.4591123e+02   9.1649691e+02
   5.6603527e+02   1.0145800e+03
   6.7609311e+02   1.1247675e+03
   5.9137732e+02   8.7624234e+02
   5.0369816e+02   7.1330044e+02
   5.2071547e+02   8.2021424e+02
   6.1976249e+02   9.3824633e+02
   5.9954094e+02   8.0984504e+02
   6.0678384e+02   9.0820527e+02
   5.5026536e+02   7.9431164e+02
   5.7330276e+02   7.5191245e+02
   5.2541211e+02   9.9590210e+02
   6.4898943e+02   1.1111376e+03
   6.3957268e+02   1.0819036e+03
   5.4226143e+02   9.3611004e+02
   6.1521994e+02   9.1803561e+02
   5.9931606e+02   8.2917921e+02
   5.1753259e+02   7.2690120e+02
   6.0063823e+02   8.7102524e+02
   5.5530961e+02   9.8925195e+02
   6.0237698e+02   8.0461468e+02
   6.2439118e+02   9.8761064e+02
   5.5142845e+02   8.9412867e+02
   5.7902719e+02   8.9272200e+02
   5.9138948e+02   8.6306609e+02
   5.9554884e+02   1.1513675e+03
   4.6577349e+02   8.2204757e+02
   5.0350376e+02   6.8073319e+02
   6.4000393e+02   9.5005106e+02
   6.1586799e+02   1.0032136e+03
   5.7835454e+02   8.3684257e+02
   5.9244882e+02   7.7249337e+02
   6.1010256e+02   9.7169517e+02
   5.9980121e+02   1.0801029e+03
   5.6283975e+02   8.2456791e+02
   6.0079853e+02   1.0216813e+03
   4.6496174e+02   5.5481295e+02
   5.8290171e+02   8.5931376e+02
   5.8218593e+02   9.9622717e+02
   4.4893633e+02   5.2981160e+02
   6.3903968e+02   1.1531668e+03
   5.8443321e+02   9.2124303e+02
   6.3523562e+02   8.1809768e+02
   5.6817496e+02   9.0102978e+02
   6.4963556e+02   1.0542621e+03
   5.6620147e+02   8.3478063e+02
   6.4001207e+02   1.0343869e+03
   6.3391340e+02   9.8210747e+02
   6.2399393e+02   1.1476062e+03
   5.3188575e+02   5.7362413e+02
   5.8552136e+02   9.7074306e+02
   5.4710533e+02   8.7750470e+02
   5.9974870e+02   1.0842660e+03
   6.1333995e+02   9.0340431e+02
   6.0623402e+02   1.0231621e+03
   5.2556485e+02   8.1023996e+02
   6.0720944e+02   9.3941129e+02
   6.3846397e+02   8.7119474e+02
   4.2126275e+02   4.4019540e+02
   6.0115579e+02   8.2563920e+02
   5.6592447e+02   7.4814331e+02
   5.8208748e+02   8.4344634e+02
   6.0377368e+02   1.0661440e+03
   5.5760710e+02   9.0353783e+02
   5.6263131e+02   7.7136528e+02
   6.1772008e+02   8.1483463e+02
   5.7851925e+02   1.0580449e+03
   5.4193189e+02   9.5571210e+02
   5.8871462e+02   9.9147875e+02
   4.7880007e+02   6.3837794e+02
   5.5246391e+02   8.0241431e+02
   5.2893906e+02   8.5926598e+02
   5.6298393e+02   8.6394313e+02
   5.6864862e+02   8.3505152e+02
   5.5767404e+02   7.2593473e+02
   6.4147470e+02   9.2788770e+02
   5.2080049e+02   8.5590700e+02
   6.1419379e+02   9.5296900e+02
   5.8130008e+02   8.9999769e+02
   5.2272288e+02   6.4260955e+02
   5.9953987e+02   7.3426704e+02
   5.4764584e+02   7.4252383e+02
   5.7750400e+02   1.1183714e+03
   5.6366373e+02   7.3502105e+02
   5.9815780e+02   9.3141242e+02
   6.9942482e+02   9.2714226e+02
   5.4860805e+02   6.1362879e+02
   5.0474204e+02   6.2065071e+02
   5.4691795e+02   8.0113231e+02
   5.7501116e+02   8.6322767e+02
   5.9983524e+02   8.4276040e+02
   5.9380198e+02   9.4868008e+02
   4.5882397e+02   5.7602385e+02
   5.8727388e+02   8.4907618e+02
   5.0378344e+02   5.0421381e+02
   5.9179326e+02   1.0345706e+03
   6.0489122e+02   8.5919774e+02
   5.7775639e+02   8.1757843e+02
   5.3812991e+02   6.6092342e+02
   6.2362174e+02   7.3301335e+02
   6.1187119e+02   8.6628547e+02
   5.5881780e+02   9.4570179e+02
   5.8918928e+02   1.0803286e+03
   5.7530477e+02   9.2916699e+02
   5.3055999e+02   8.5982019e+02
   5.8922745e+02   9.3192560e+02
   5.2109698e+02   8.1488965e+02
   5.2651799e+02   7.1622449e+02
   5.9159897e+02   8.1771235e+02
   5.9026976e+02   9.1193812e+02
   4.6850154e+02   6.3499262e+02
   5.2645265e+02   6.4071564e+02
   5.2860527e+02   7.0957734e+02
   5.4523971e+02   7.6235955e+02
   5.1523264e+02   7.3361199e+02
   6.0531769e+02   4.6239536e+02
   5.8232877e+02   8.7746183e+02
   5.3337789e+02   8.4213568e+02
   6.0298067e+02   1.1659555e+03
   5.8633894e+02   7.5393061e+02
   5.2339589e+02   9.7225193e+02
   5.7399481e+02   8.3306270e+02
   5.3823135e+02   6.7350608e+02
   5.2909826e+02   8.2394568e+02
   5.7634387e+02   8.6579102e+02
   5.2206342e+02   6.6126624e+02
   5.6774185e+02   6.3464092e+02
   6.7339633e+02   1.0579737e+03
   5.9557481e+02   8.3226758e+02
   5.8579601e+02   7.9574504e+02
   5.6809516e+02   1.0235464e+03
   5.7816587e+02   8.7281420e+02
   6.0661324e+02   1.1268723e+03
   5.2240163e+02   5.9209671e+02
   6.1554611e+02   8.3116588e+02
   5.7720328e+02   6.6186569e+02
   6.3237796e+02   9.9797855e+02
   6.2041727e+02   8.8163433e+02
   6.9163499e+02   1.0126916e+03
   6.3105385e+02   8.9481192e+02
   5.3678595e+02   8.1487039e+02
   5.4001016e+02   7.6399924e+02
   5.4779001e+02   6.5766596e+02
   5.1664211e+02   8.3728062e+02
   6.1341894e+02   7.9424778e+02
   6.2734667e+02   9.1294829e+02
   5.7813197e+02   8.5515826e+02
   5.5662992e+02   7.7679825e+02
   5.7415081e+02   1.0731025e+03
   4.9731685e+02   7.4515229e+02
   6.0397998e+02   9.4623723e+02
   5.4379074e+02   7.8042995e+02
   5.3068877e+02   7.0718042e+02
   6.1918748e+02   1.0310884e+03
   4.9717099e+02   7.9092782e+02
   5.8664221e+02   7.8597018e+02
   5.8131584e+02   1.0348016e+03
   6.3861422e+02   1.1372437e+03
   6.0436470e+02   8.4855216e+02
   6.0301014e+02   7.2424445e+02
   5.1820715e+02   6.2623548e+02
   5.9251332e+02   9.6368402e+02
   6.2255737e+02   7.8065993e+02
   5.3804725e+02   8.6760081e+02
   6.1359886e+02   9.3389512e+02
   4.9278912e+02   6.1933632e+02
   6.0067998e+02   1.1773740e+03
   5.9202988e+02   1.0120975e+03
   5.4761199e+02   8.9513365e+02
   5.6804678e+02   8.2613766e+02
   5.5738975e+02   7.5366525e+02
   5.2489352e+02   9.6684224e+02
   5.6213076e+02   7.3839303e+02
   5.5517855e+02   7.1683072e+02
   5.3468010e+02   8.8506657e+02
   5.4101685e+02   8.8809857e+02
   5.1416246e+02   8.4168642e+02
   5.1095461e+02   9.9779931e+02
   5.1622032e+02   6.7680643e+02
   5.6371360e+02   1.0523534e+03
   6.0430644e+02   7.5307615e+02
   6.5511741e+02   9.0388088e+02
   4.7560020e+02   6.4591064e+02
   5.6015315e+02   7.9754848e+02
   5.1931950e+02   5.7328474e+02
   5.8542191e+02   9.2399648e+02
   5.8076585e+02   7.0425723e+02
   5.0976381e+02   5.9187638e+02
   6.0992134e+02   9.6135255e+02
   5.6551988e+02   7.9394403e+02
   5.2890249e+02   8.3039120e+02
   5.8038227e+02   7.1720808e+02
   5.1485198e+02   6.9751398e+02
   5.6578873e+02   7.3123508e+02
   4.8012228e+02   6.8013331e+02
   5.6109101e+02   9.6200207e+02
   5.8128903e+02   7.9039492e+02
   5.5377866e+02   8.3956038e+02
   5.4477785e+02   7.4745462e+02
   5.7647899e+02   8.2086166e+02
   5.9245264e+02   8.7405355e+02
   5.6805411e+02   6.8283720e+02
   5.8063231e+02   7.0840788e+02
   6.3033740e+02   8.7221021e+02
   6.0692908e+02   1.1182543e+03
   5.7392540e+02   9.5602237e+02
   5.0976098e+02   9.6082311e+02
   6.1363755e+02   8.8118441e+02
   5.6940327e+02   9.3324552e+02
   6.0857669e+02   8.4392269e+02
   5.9960126e+02   9.5268491e+02
   5.2902122e+02   7.9548029e+02
   5.5557897e+02   8.4176203e+02
   5.4431265e+02   8.0476529e+02
   6.1600194e+02   1.0790934e+03
   5.7445103e+02   8.5386087e+02
   5.5243179e+02   7.4194865e+02
   5.1494461e+02   6.2666689e+02
   5.8388188e+02   7.8687627e+02
   5.4168767e+02   8.3205410e+02
   5.6612159e+02   9.8346753e+02
   6.3328923e+02   1.0120640e+03
   5.5529153e+02   8.7195478e+02
   6.1468198e+02   9.6919839e+02
   4.6211884e+02   4.6680107e+02
   5.1046233e+02   8.1083368e+02
   5.8974269e+02   1.0001298e+03
   5.7592014e+02   7.8277937e+02
   5.5367707e+02   6.2874510e+02
   5.6357587e+02   8.0987477e+02
   4.9582985e+02   7.3815933e+02
   6.0585412e+02   8.1458700e+02
   5.0644551e+02   8.5014885e+02
   5.9690085e+02   9.7191885e+02
   5.5958218e+02   7.8328432e+02
   5.5060549e+02   8.3049730e+02
   5.5594327e+02   7.2105758e+02
   6.2123731e+02   8.4828569e+02
   6.0500526e+02   8.6096428e+02
   5.7427831e+02   9.1591926e+02
   6.2939877e+02   6.2029226e+02
   5.5524849e+02   8.3564018e+02
   6.1936909e+02   8.8267130e+02
   6.4745657e+02   1.1455617e+03
   5.2873784e+02   8.8804948e+02
   5.9544116e+02   1.0285561e+03
   6.2960028e+02   9.6062715e+02
   5.4828497e+02   7.3863594e+02
   5.7139004e+02   1.0474642e+03
   5.3047921e+02   6.6447136e+02
   5.9357520e+02   9.0974924e+02
   5.6916268e+02   8.0244426e+02
   5.2758935e+02   6.6412609e+02
   5.8761777e+02   6.1685528e+02
   4.9526258e+02   5.5865150e+02
   5.9136971e+02   8.5246430e+02
   4.9986361e+02   6.5549592e+02
   5.8603192e+02   8.2056969e+02
   6.5703312e+02   9.4206877e+02
   6.0893723e+02   1.0029035e+03
   6.6104646e+02   8.0024177e+02
   5.7903642e+02   8.4771519e+02
   5.6769178e+02   7.6743017e+02
   6.8400478e+02   1.1942640e+03
   5.5158162e+02   6.5418303e+02
   5.7058073e+02   7.8456630e+02
   5.3129319e+02   6.4226586e+02
   5.3587485e+02   9.6085904e+02
   5.7430802e+02   6.3862098e+02
   6.8332102e+02   9.9678188e+02
   5.5165722e+02   7.9610191e+02
   5.4604317e+02   8.1408794e+02
   6.3165789e+02   1.0320582e+03
   6.0862157e+02   8.8991094e+02
   6.3897811e+02   1.1637556e+03
   5.8223168e+02   7.1027341e+02
   6.5470042e+02   1.2821436e+03
   6.0678522e+02   8.8031125e+02
   5.7134509e+02   9.3650460e+02
   5.4764200e+02   8.9100474e+02
   5.4450315e+02   8.8820247e+02
   5.8605224e+02   8.4400377e+02
   6.2295608e+02   9.5431672e+02
   6.2050271e+02   8.9831715e+02
   5.9316380e+02   1.0328728e+03
   5.8045094e+02   8.6090565e+02
   5.6770128e+02   7.4802356e+02
   5.7766569e+02   9.0041276e+02
   5.0623574e+02   4.0347682e+02
   6.3772356e+02   1.0219469e+03
   6.0798344e+02   1.2861047e+03
   4.7431281e+02   4.0615903e+02
   5.1205368e+02   8.9441281e+02
   5.8367320e+02   8.6210352e+02
   5.9675602e+02   9.2795994e+02
   5.4591456e+02   9.3495266e+02
   5.5275369e+02   1.0817601e+03
   5.0814272e+02   7.2843575e+02
   6.0599351e+02   9.5218102e+02
   5.7718579e+02   8.6434305e+02
   5.6778743e+02   7.8903313e+02
   6.1809638e+02   1.0116377e+03
   5.8177275e+02   8.5510610e+02
   5.3325595e+02   5.8410892e+02
   6.0570757e+02   1.0187629e+03
   6.1078471e+02   8.2364548e+02
   5.6767954e+02   8.1039166e+02
   5.1356993e+02   6.6124007e+02
   6.1894796e+02   1.0604584e+03
   6.1167389e+02   1.0269835e+03
   5.5928361e+02   1.0054957e+03
   6.4381234e+02   8.4985994e+02
   4.9545190e+02   5.3890629e+02
   5.3346552e+02   9.3418363e+02
   6.2179523e+02   8.4879213e+02
   5.6617855e+02   1.0278405e+03
   5.9727757e+02   1.0672034e+03
   6.2188740e+02   1.0110889e+03
   5.6355624e+02   7.5871654e+02
   4.7447542e+02   7.7969655e+02
   5.2849506e+02   8.0954505e+02
   5.5169434e+02   6.2142296e+02
   5.0130469e+02   7.8239033e+02
   4.2637165e+02   5.2428747e+02
   6.1307993e+02   9.7260648e+02
   5.3309136e+02   7.6209021e+02
   6.5464342e+02   1.0740645e+03
   5.8966166e+02   6.8391296e+02
   5.4658588e+02   6.6191461e+02
   5.3617589e+02   6.0265059e+02
   5.4996451e+02   7.4702760e+02
   5.7708871e+02   8.4585301e+02
   5.1883202e+02   7.7828121e+02
   6.0025868e+02   9.4415558e+02
   5.9419864e+02   9.5627244e+02
   5.4072568e+02   9.0365296e+02
   5.6769360e+02   1.0324516e+03
   5.9549889e+02   9.8200210e+02
   5.0918557e+02   7.2346234e+02
   6.1035179e+02   9.6901191e+02
   5.3484598e+02   8.2004906e+02
   6.1473762e+02   1.0496476e+03
   6.2453065e+02   6.7679207e+02
   5.8228891e+02   8.4914520e+02
   5.1973850e+02   6.7596772e+02
   5.7488007e+02   9.5639043e+02
   6.2043553e+02   9.9787167e+02
   5.7137747e+02   7.8701376e+02
   6.3998166e+02   8.4105061e+02
   5.8425974e+02   1.0662860e+03
   6.3221292e+02   9.8459506e+02
   5.7941473e+02   7.7110592e+02
   5.7403905e+02   6.9905826e+02
   5.9081931e+02   9.3405237e+02
   6.3348104e+02   1.1594707e+03
   5.8515328e+02   9.6242831e+02
   6.3192393e+02   9.7932341e+02
   5.8794046e+02   8.3829602e+02
   5.4871916e+02   6.3608854e+02
   6.0403987e+02   7.5424989e+02
   6.0593211e+02   9.0035240e+02
   6.2684843e+02   9.2166347e+02
   5.5468838e+02   7.0892720e+02
   5.8141666e+02   9.2695655e+02
   5.5955506e+02   8.0638832e+02
   4.9581703e+02   6.8648524e+02
   5.3258436e+02   9.2840150e+02
   5.4267362e+02   8.9275415e+02
   5.9236647e+02   8.7841569e+02
   5.8559764e+02   9.0915420e+02
   4.9709147e+02   6.9300939e+02
   6.2268233e+02   1.0496261e+03
   5.4626989e+02   7.8635427e+02
   5.7389097e+02   8.0985480e+02
   6.2458578e+02   8.7281008e+02
   5.1309605e+02   8.1277860e+02
   6.0696782e+02   1.0438145e+03
   6.2545221e+02   8.9012373e+02
   6.2008778e+02   1.0919086e+03
   5.6856657e+02   6.3661572e+02
   5.9114634e+02   7.7014186e+02
   6.1098183e+02   7.8739350e+02
   5.9001942e+02   1.0789533e+03
   5.9108642e+02   6.9309104e+02
   6.0698247e+02   8.1025530e+02
   5.4901901e+02   7.6339551e+02
   5.4928201e+02   8.4675603e+02
   5.3438625e+02   9.4540819e+02
   5.7848224e+02   7.4546812e+02
   6.4651532e+02   9.2289478e+02
   6.0587633e+02   8.8750245e+02
   5.8716621e+02   5.7070595e+02
   5.0560842e+02   8.3498156e+02
   5.2008481e+02   8.8778287e+02
   5.1026332e+02   7.5625563e+02
   5.5981904e+02   7.5904923e+02
   6.7951938e+02   1.0112541e+03
   5.0379024e+02   6.4397470e+02
   5.3072442e+02   9.6058267e+02
   5.6640188e+02   6.8382534e+02
   6.6249099e+02   9.4132214e+02
   5.9404278e+02   6.4951227e+02
   5.6092607e+02   6.8913806e+02
   6.0213888e+02   9.2907806e+02
   5.2060686e+02   7.9161749e+02
   5.3337739e+02   9.1096178e+02
   5.6779927e+02   9.9963936e+02
   5.9753103e+02   9.2337305e+02
   5.6375166e+02   6.0724866e+02
   5.3933704e+02   7.3981894e+02
   5.8673854e+02   9.9226648e+02
   5.4790812e+02   8.4115816e+02
   6.0744959e+02   9.0342469e+02
   5.9200465e+02   8.7181542e+02
   4.7629696e+02   8.0748014e+02
   5.4896276e+02   7.0920040e+02
   5.5377776e+02   5.7952977e+02
   5.8926082e+02   9.1070250e+02
   5.2634784e+02   7.9658595e+02
   5.3276025e+02   9.6412447e+02
   5.2967868e+02   6.8994664e+02
   5.3731668e+02   9.3669810e+02
   6.1852613e+02   8.4665257e+02
   5.6386276e+02   8.4427520e+02
   5.4542642e+02   5.9678064e+02
   6.3543200e+02   9.0866648e+02
   5.1495734e+02   7.4858405e+02
   5.4970677e+02   9.6613328e+02
   6.1816601e+02   8.6108871e+02
   5.7318140e+02   9.8164916e+02
   5.1661323e+02   7.9188255e+02
   5.5689877e+02   8.4047073e+02
   5.8102394e+02   8.3577777e+02
   6.0027754e+02   1.0255013e+03
   6.0262486e+02   1.0482814e+03
   6.2540840e+02   9.5085397e+02
   4.8385402e+02   7.2634490e+02
   5.3985194e+02   7.7995479e+02
   6.0402333e+02   9.3308523e+02
   5.3954667e+02   6.0077094e+02
   5.7497308e+02   7.1811513e+02
   5.8650332e+02   7.1956142e+02
   5.1684205e+02   6.5531607e+02
   5.7027417e+02   9.3979842e+02
   5.5947880e+02   9.2368292e+02
   5.5852319e+02   9.7216834e+02
   6.0016826e+02   9.2679279e+02
   6.2546676e+02   9.7775718e+02
   5.6542192e+02   8.7275193e+02
   6.0440749e+02   8.8265010e+02
   5.7440575e+02   7.6105400e+02
   5.8896050e+02   1.1830330e+03
   6.2131543e+02   9.4316169e+02
   5.7017628e+02   9.8195100e+02
   5.5344895e+02   7.9795714e+02
   5.5676070e+02   6.7969572e+02
   5.1882989e+02   6.6772845e+02
   5.0537874e+02   6.9322693e+02
   5.6704114e+02   1.0632972e+03
   5.8310107e+02   7.4871356e+02
   5.5875390e+02   9.1987386e+02
   5.7346602e+02   8.3398920e+02
   5.5647241e+02   5.5963410e+02
   6.1774827e+02   8.8017838e+02
   5.6617966e+02   6.0814735e+02
   5.2665247e+02   5.2566070e+02
   5.9229612e+02   8.4833811e+02
   5.1011735e+02   6.7838021e+02
   5.8527318e+02   6.4841429e+02
   5.3568868e+02   7.4586778e+02
   5.2625284e+02   4.2832511e+02
   5.9778094e+02   1.0744194e+03
   5.0070724e+02   9.4136157e+02
   6.5230201e+02   1.0671754e+03
   5.9489986e+02   9.7079933e+02
   5.8440838e+02   8.3984728e+02
   6.4142429e+02   8.8994045e+02
   5.8283359e+02   1.0722716e+03
   5.8604467e+02   6.5682160e+02
   6.0678936e+02   8.8833801e+02
   6.3601733e+02   8.6043222e+02
   5.2314689e+02   7.4937415e+02
   5.7537509e+02   7.7701728e+02
   5.9614024e+02   1.0391399e+03
   5.2996472e+02   7.6996007e+02
   5.8366498e+02   1.0388515e+03
   6.1677422e+02   7.8370253e+02
   5.5778564e+02   9.0756783e+02
   5.2330753e+02   7.0070004e+02
   4.9123409e+02   7.5687077e+02
   5.3432463e+02   7.8259563e+02
   5.7279122e+02   8.0435712e+02
   5.8360911e+02   9.1311039e+02
   5.9541675e+02   8.5905798e+02
   6.0976888e+02   7.1599973e+02
   6.2931714e+02   9.6766717e+02
   6.0112285e+02   9.7161633e+02
   5.5379047e+02   6.7126080e+02
   6.1377141e+02   9.6421611e+02
   5.4419770e+02   7.1545584e+02
   6.8259418e+02   9.4482079e+02
   5.5837293e+02   7.4347878e+02
   5.3178967e+02   7.6184004e+02
   5.3960878e+02   7.9494095e+02
   6.0107687e+02   1.1317585e+03
   5.4222087e+02   7.2488254e+02
   5.8983737e+02   8.6542279e+02
   5.5564883e+02   1.0236654e+03
   6.2171143e+02   1.0433249e+03
   6.3511004e+02   9.1159060e+02
   5.5744362e+02   7.5084299e+02
   5.5021905e+02   8.9672551e+02
   5.5729922e+02   6.6578522e+02
   5.9132126e+02   1.0011224e+03
   6.0719612e+02   9.7302364e+02
   5.2560266e+02   7.2013199e+02
   5.0130844e+02   4.5181998e+02
   5.9317808e+02   7.9479559e+02
   6.0992270e+02   9.7363976e+02
   5.8083257e+02   8.6474769e+02
   5.4750280e+02   8.4311369e+02
   5.4050870e+02   8.3982873e+02
   5.6691680e+02   7.5291551e+02
   5.3963576e+02   6.6213707e+02
   5.8829369e+02   7.0848402e+02
   6.0240720e+02   9.4841498e+02
   5.7780296e+02   8.7994412e+02
   5.5616118e+02   8.3531217e+02
   5.9553439e+02   8.6696856e+02
   5.7169695e+02   7.9730129e+02
   6.1563373e+02   9.8966683e+02
   5.6204329e+02   1.1006916e+03
   5.9713598e+02   7.5634221e+02
   5.0029773e+02   6.6548583e+02
   5.4006825e+02   9.8442781e+02
   5.3443090e+02   8.6613617e+02
   5.5460982e+02   8.5489548e+02
   6.4507191e+02   9.1486318e+02
   5.8673535e+02   9.5885605e+02
   5.4422526e+02   1.1463642e+03
   5.4418665e+02   6.3239381e+02
   5.2197642e+02   1.0104839e+03
   5.9682128e+02   1.0797159e+03
   5.6001843e+02   6.3968597e+02
   5.3837788e+02   6.1640410e+02
   6.2795530e+02   9.9352282e+02
   5.5665096e+02   9.4303212e+02
   5.7128943e+02   7.0348957e+02
   5.7952120e+02   8.7230031e+02
   5.7458885e+02   9.5308515e+02
   5.5905672e+02   9.1069018e+02
   5.6887546e+02   8.3343238e+02
   5.8790822e+02   8.5476598e+02
   5.5373479e+02   8.2937945e+02
   5.7659407e+02   8.6811143e+02
   5.5899003e+02   9.9589258e+02
   5.7468972e+02   9.0130397e+02
   5.3880223e+02   8.5755449e+02
   5.7141718e+02   8.6470847e+02
   5.5462045e+02   7.0945633e+02
   5.5816968e+02   8.7333790e+02
   6.3968902e+02   1.0235560e+03
   5.9201655e+02   8.7000196e+02
   6.3331570e+02   8.3627115e+02
   5.4953785e+02   8.8397083e+02
   5.4824417e+02   9.4705663e+02
   6.0629430e+02   1.0149952e+03
   4.9430001e+02   5.6904441e+02
   5.6564805e+02   8.7090065e+02
   5.5933968e+02   7.7319239e+02
   5.8124160e+02   7.7529416e+02
   5.5595145e+02   8.4228818e+02
   5.6101926e+02   8.3647665e+02
   6.0482525e+02   8.4902272e+02
   5.5864368e+02   9.0331945e+02
   5.7680135e+02   7.3102174e+02
   4.8413590e+02   7.8677111e+02
   5.3995685e+02   5.6678483e+02
   5.3886463e+02   6.7248355e+02
   5.8084372e+02   8.3108218e+02
   5.9769059e+02   8.0233793e+02
   5.3392177e+02   6.9761651e+02
   5.4390802e+02   8.2339757e+02
   5.5180104e+02   7.6625621e+02
   5.0190845e+02   9.0489613e+02
   5.9138615e+02   8.6736414e+02
   6.0762623e+02   9.4449348e+02
   4.6143209e+02   6.2603614e+02
   5.9090723e+02   1.1055352e+03
   5.5217942e+02   8.2423804e+02
   4.5700603e+02   6.2359486e+02
   6.0336344e+02   9.0116796e+02
   6.0944883e+02   1.0008254e+03
   4.9619326e+02   6.4169067e+02
   5.8913743e+02   7.9517014e+02
   6.2543359e+02   7.4935956e+02
   5.8850172e+02   9.6360467e+02
   5.9693096e+02   8.4772684e+02
   6.0506604e+02   1.0180480e+03
   4.6366994e+02   6.4113359e+02
   6.5113995e+02   8.6707197e+02
   5.5518491e+02   5.9642605e+02
   5.3192026e+02   6.7261513e+02
   5.5143729e+02   9.1322827e+02
   5.5984544e+02   7.3468104e+02
   5.2360597e+02   8.3127953e+02
   5.6291139e+02   8.0878360e+02
   5.8725804e+02   8.4164761e+02
   5.0563781e+02   7.9835906e+02
   5.8061316e+02   5.3735396e+02
   5.9975830e+02   9.5421214e+02
   5.4315289e+02   7.0327821e+02
   6.0411528e+02   8.5869544e+02
   5.5505428e+02   6.8330529e+02
   5.6788493e+02   8.2025859e+02
   5.4858195e+02   5.1019655e+02
   5.4183750e+02   8.8802401e+02
   5.9244362e+02   7.2678947e+02
   5.0932624e+02   9.5999230e+02
   5.2844669e+02   7.0573186e+02
   5.4994963e+02   8.4619229e+02
   6.4609980e+02   8.8202322e+02
   4.9644814e+02   6.5829086e+02
   4.8193784e+02   6.5995529e+02
   6.0892174e+02   8.8848220e+02
   5.5084796e+02   8.0463423e+02
   6.1012323e+02   1.0602579e+03
   5.5345466e+02   9.4957955e+02
   5.6220024e+02   7.8324673e+02
   4.9324557e+02   7.4782421e+02
   6.2678282e+02   1.0390330e+03
   5.8004880e+02   9.6839304e+02
   5.3628777e+02   8.5927001e+02
   5.4323752e+02   8.3290533e+02
   5.0911441e+02   9.3110269e+02
   5.6519991e+02   1.0447882e+03
   5.2006552e+02   7.4904946e+02
   5.7413865e+02   6.4391938e+02
   5.8255651e+02   9.4257431e+02
   4.8254326e+02   4.9333924e+02
   5.0696748e+02   7.3112189e+02
   6.1671867e+02   1.0774220e+03
   5.9506879e+02   8.5605200e+02
   5.0024911e+02   7.3317927e+02
   6.1385188e+02   8.6414289e+02
   5.4987163e+02   7.3014197e+02
   5.3837752e+02   9.9897384e+02
   5.1925284e+02   5.2860016e+02
   5.3611593e+02   7.5959043e+02
   4.6795017e+02   6.2191224e+02
   5.1775575e+02   8.0740284e+02
   6.0498712e+02   7.1610135e+02
   5.7487906e+02   9.0205130e+02
   6.1152375e+02   1.0222172e+03
   5.9300478e+02   9.9315257e+02
   5.5804992e+02   8.1688600e+02
   6.2325507e+02   6.9529369e+02
   5.2508144e+02   9.4756300e+02
   4.9437373e+02   7.0201513e+02
   5.7151652e+02   8.7892005e+02
   5.8356054e+02   5.7460139e+02
   5.5156309e+02   6.8445972e+02
   5.3003996e+02   8.7117656e+02
   5.5310704e+02   8.8848842e+02
   5.3298529e+02   7.4060618e+02
   5.9551420e+02   1.0534970e+03
   6.2525905e+02   8.0038623e+02
   5.6055688e+02   8.5407348e+02
   5.7610419e+02   6.5895620e+02
   5.6235283e+02   7.8984576e+02
   5.7433460e+02   6.3629032e+02
   5.8348147e+02   1.0308921e+03
   6.8001740e+02   1.0586824e+03
   5.3112349e+02   9.5604292e+02
   5.3695988e+02   8.7583283e+02
   5.6623846e+02   8.3622132e+02
   5.1771189e+02   8.7494134e+02
   5.9999772e+02   9.7374508e+02
   5.8621100e+02   7.3318220e+02
   5.8935610e+02   9.4924066e+02
   5.6513732e+02   7.5064331e+02
   5.2435321e+02   8.1674558e+02
   4.7107146e+02   7.1878284e+02
   4.8024256e+02   5.1988795e+02
   6.1661303e+02   1.0327558e+03
   6.9148633e+02   1.0493484e+03
   5.6080181e+02   7.8544570e+02
   5.6629872e+02   9.5423468e+02
   5.4563012e+02   7.5655133e+02
   5.4110488e+02   9.5921493e+02
   6.0123631e+02   9.0609023e+02
   5.9509938e+02   1.1031305e+03
   5.7347761e+02   9.1865950e+02
   5.8126887e+02   7.2026763e+02
   5.6836895e+02   7.8571239e+02
   5.3914771e+02   9.2672467e+02
   4.7254740e+02   7.0041043e+02
   5.9990987e+02   8.7817071e+02
   5.8500232e+02   8.0903723e+02
   6.1133055e+02   6.9678569e+02
   5.1919847e+02   7.9749740e+02
   5.8045463e+02   7.7055533e+02
   5.5987923e+02   8.0590588e+02
   4.9092249e+02   6.8777068e+02
   5.7234504e+02   7.5452493e+02
   6.1910347e+02   8.3879671e+02
   5.5342378e+02   1.1547440e+03
   5.0599346e+02   6.5713573e+02
   5.4897657e+02   1.0156089e+03
   5.7239632e+02   8.2169533e+02
   5.3378032e+02   8.5571318e+02
   5.4423787e+02   7.8890750e+02
   5.7779748e+02   7.6866081e+02
   5.9671492e+02   8.0038068e+02
   6.2983904e+02   9.7004560e+02
   5.2974710e+02   7.2834956e+02
   5.9488990e+02   8.5296468e+02
   5.1703491e+02   6.4452563e+02
   5.5574748e+02   8.5724753e+02
   5.1096916e+02   7.5878076e+02
   5.4168124e+02   8.0891724e+02
   5.8449601e+02   1.0379592e+03
   6.2637377e+02   7.7101028e+02
   6.2143946e+02   8.3753807e+02
   5.6610451e+02   7.5540545e+02
   6.1753843e+02   8.7215087e+02
   5.8592919e+02   7.6716214e+02
   5.9637339e+02   8.0732693e+02
   6.0682550e+02   9.2496026e+02
   4.6777405e+02   6.6619813e+02
   6.2055297e+02   8.9020338e+02
   5.1496867e+02   6.8356074e+02
   6.5440632e+02   1.0688472e+03
   6.0022755e+02   7.4049688e+02
   5.4942434e+02   7.8985785e+02
   5.0299102e+02   6.3141693e+02
   5.6137402e+02   7.4038310e+02
   6.4391564e+02   9.2535660e+02
   5.1154512e+02   7.8625124e+02
   5.7531969e+02   8.5974935e+02
   6.0161972e+02   8.8809957e+02
   5.9839226e+02   8.7995116e+02
   5.4919498e+02   9.6603823e+02
   5.6977938e+02   9.4882301e+02
   6.7691583e+02   9.6490436e+02
   5.5721424e+02   7.9936879e+02
   5.0194235e+02   6.9312561e+02
   5.5336420e+02   7.3758422e+02
   5.3950073e+02   7.4375124e+02
   6.0875220e+02   7.1055122e+02
   5.8142309e+02   1.0320106e+03
   5.3039361e+02   8.0361177e+02
   5.4703858e+02   9.6146716e+02
   5.1212417e+02   8.7447395e+02
   5.4010195e+02   7.9086164e+02
   5.9482239e+02   7.1403499e+02
   6.0157733e+02   8.0545347e+02
   5.6273676e+02   7.0149795e+02
   5.8452053e+02   9.9704341e+02
   5.4943714e+02   1.0128280e+03
   5.9578702e+02   7.8882747e+02
   5.8632277e+02   1.0253769e+03
   5.4027520e+02   9.7547995e+02
   5.6256557e+02   9.3749444e+02
   5.4986998e+02   8.9280118e+02
   6.0967765e+02   7.9574205e+02
   6.0798516e+02   7.6865050e+02
   6.0217987e+02   9.7598002e+02
   4.9913662e+02   6.9814465e+02
   5.8871780e+02   9.6442856e+02
   6.0507995e+02   8.1786791e+02
   5.6338931e+02   7.8685034e+02
   6.2929490e+02   1.0314882e+03
   6.0149393e+02   8.9180774e+02
   5.8314778e+02   7.6289185e+02
   5.7203414e+02   7.1722390e+02
   5.8324495e+02   7.3662561e+02
   5.3241380e+02   9.4457329e+02
   5.2907238e+02   9.2060457e+02
   5.1952169e+02   8.5254608e+02
   4.6452961e+02   5.1922407e+02
   5.8716579e+02   9.7570120e+02
   5.8700451e+02   7.5931944e+02
   4.9858677e+02   7.0138652e+02
   5.4924497e+02   9.2693651e+02
   6.3653503e+02   8.3287312e+02
   6.3883066e+02   1.0064179e+03
   5.5122505e+02   7.2126176e+02
   5.5692116e+02   7.6165136e+02
   5.6192875e+02   1.0527713e+03
   5.9851712e+02   8.2372959e+02
   6.0108134e+02   8.3163029e+02
   5.1482475e+02   6.1211327e+02
   5.9867843e+02   8.9579545e+02
   5.0191061e+02   5.3896528e+02
   6.0208360e+02   8.8343478e+02
   5.7211882e+02   7.8179970e+02
   5.1391398e+02   8.6358932e+02
   5.3817402e+02   7.3950867e+02
   5.8225849e+02   8.4762940e+02
   5.2984516e+02   7.6339142e+02
   6.0286775e+02   1.0574097e+03
   4.8808454e+02   6.3183800e+02
   6.2272848e+02   1.0134843e+03
   7.0069782e+02   1.2303862e+03
   5.7866952e+02   9.1271565e+02
   6.0473629e+02   1.0283975e+03
   5.3417964e+02   8.2571772e+02
   5.5948372e+02   8.0801744e+02
   5.7510882e+02   8.3667646e+02
   4.9210735e+02   7.2359308e+02
   5.4954852e+02   8.9421466e+02
   5.2517533e+02   7.6854979e+02
   6.4382273e+02   9.3233266e+02
   5.0490040e+02   7.2112593e+02
   5.5413141e+02   7.3498722e+02
   4.8694648e+02   6.6465341e+02
   5.6989876e+02   7.5798822e+02
   5.6617665e+02   8.6832952e+02
   5.7133953e+02   9.0829650e+02
   4.3443839e+02   5.3119740e+02
   5.6652143e+02   1.0043917e+03
   5.0989480e+02   5.8515726e+02
   4.7080269e+02   5.8363402e+02
   5.9784863e+02   9.2151762e+02
   5.8375342e+02   1.1600338e+03
   5.8194937e+02   9.1657419e+02
   4.7019549e+02   6.1200084e+02
   5.8006390e+02   8.7780337e+02
   6.3680331e+02   8.1610121e+02
   5.6459700e+02   7.6377507e+02
   5.6688198e+02   1.0790973e+03
   5.3624870e+02   7.0327785e+02
   5.5921612e+02   8.6335265e+02
   6.1518610e+02   9.1422881e+02
   5.5829215e+02   7.0114187e+02
   5.2998110e+02   8.9757030e+02
   6.2961770e+02   7.8140641e+02
   5.7882882e+02   9.1805474e+02
   6.2111527e+02   1.0963333e+03
   6.0433053e+02   9.6378325e+02
   5.7721009e+02   1.0303466e+03
   5.5032027e+02   5.6470408e+02
   5.6983299e+02   5.9337438e+02
   6.0537796e+02   1.1808376e+03
   5.2163835e+02   5.6391375e+02
   6.2238629e+02   9.1814379e+02
   5.5071464e+02   8.2615150e+02
   5.4355177e+02   8.7660654e+02
   6.1631222e+02   7.4497272e+02
   5.4885027e+02   6.8977969e+02
   5.2964826e+02   8.5905939e+02
   5.4110428e+02   6.4769203e+02
   5.8106895e+02   8.1733313e+02
   6.2154126e+02   9.6071503e+02
   5.6968387e+02   5.5544181e+02
   6.1913236e+02   1.0924590e+03
   5.9620667e+02   1.1681488e+03
   5.4674170e+02   7.0728160e+02
   5.6324623e+02   9.0182690e+02
   4.8433965e+02   7.6974240e+02
   4.9362325e+02   6.4788473e+02
   5.4979490e+02   7.2839786e+02
   5.4696061e+02   6.9508905e+02
   6.4614200e+02   1.1518766e+03
   5.5163648e+02   9.1579961e+02
   6.2262870e+02   1.0035289e+03
   5.5922450e+02   7.0657808e+02
   5.2140234e+02   8.1964328e+02
   5.2740569e+02   6.5554964e+02
   5.7350827e+02   8.7705291e+02
   5.5233180e+02   9.0383145e+02
   6.5057743e+02   1.0120877e+03
   5.6359883e+02   8.4427085e+02
   5.3386302e+02   7.7191774e+02
   6.3835670e+02   1.0054111e+03
   5.6425293e+02   8.7792024e+02
   5.7526632e+02   7.6901569e+02
   5.3234183e+02   6.3479725e+02
   5.3489365e+02   8.1288275e+02
   5.6037463e+02   9.3525348e+02
   5.9440250e+02   8.4327382e+02
   5.7240011e+02   7.0872428e+02
   6.2765942e+02   9.2140446e+02
   5.3787507e+02   9.4159310e+02
   5.2306359e+02   8.5254917e+02
   6.7128924e+02   1.0862654e+03
   5.1234122e+02   7.3181567e+02
   4.9959545e+02   9.2197052e+02
   6.2779626e+02   1.0657012e+03
   5.9690980e+02   7.6924095e+02
   5.7269940e+02   1.1096477e+03
   5.2098761e+02   9.5702969e+02
   5.4532485e+02   8.4203626e+02
   5.9298664e+02   7.6425316e+02
   6.3177257e+02   8.2813864e+02
   5.2730522e+02   8.2923141e+02
   5.5838402e+02   8.9834310e+02
   5.5471331e+02   6.7727564e+02
   5.9267448e+02   7.8429235e+02
   5.7094261e+02   1.1302255e+03
   5.5187561e+02   8.9767080e+02
   5.6237505e+02   9.5942781e+02
   5.8106035e+02   9.4025946e+02
   5.9927389e+02   1.2501314e+03
   5.3510353e+02   7.8158483e+02
   5.9965008e+02   1.1102465e+03
   5.1154873e+02   7.6214080e+02
   5.5193145e+02   5.1964663e+02
   4.7687914e+02   8.4413724e+02
   5.3983101e+02   7.8735989e+02
   5.5761630e+02   8.5850050e+02
   5.9373923e+02   9.6206012e+02
   5.3065595e+02   7.3982211e+02
   5.5161552e+02   7.6820008e+02
   5.5670594e+02   9.2088187e+02
   5.7056552e+02   6.2955192e+02
   5.6712480e+02   7.1728336e+02
   5.9197076e+02   9.6049363e+02
   5.3419973e+02   7.5491850e+02
   5.6472268e+02   6.5439143e+02
   6.5041039e+02   8.8951117e+02
   5.1672680e+02   8.0286029e+02
   4.8737326e+02   7.9161266e+02
   5.4757769e+02   8.9782332e+02
   5.7170179e+02   1.0598793e+03
   6.1237260e+02   8.1516039e+02
   5.9898409e+02   7.5636266e+02
   5.2944994e+02   9.0607557e+02
   5.5253539e+02   6.6157601e+02
   6.0558359e+02   6.6667859e+02
   5.4877010e+02   8.1258121e+02
   5.3325118e+02   8.4438553e+02
   6.3568217e+02   9.8552189e+02
   5.8611140e+02   9.4561608e+02
   5.7125531e+02   6.6997506e+02
   5.6524053e+02   7.8865078e+02
   6.6572226e+02   1.0735443e+03
   5.0142490e+02   6.9830280e+02
   5.4774487e+02   7.2500166e+02
   5.5755086e+02   6.8675178e+02
   5.2606290e+02   6.0991549e+02
   5.4568843e+02   7.6951936e+02
   5.5392721e+02   8.6033030e+02
   5.3713283e+02   6.2470343e+02
   5.3487687e+02   9.2512016e+02
   6.1052873e+02   6.8422934e+02
   5.9670028e+02   8.7499983e+02
   5.4507136e+02   7.5461249e+02
   5.1427673e+02   9.8127409e+02
   6.0468330e+02   9.9789513e+02
   5.4590884e+02   6.9013803e+02
   5.6175254e+02   1.0144767e+03
   4.1649793e+02   6.1335707e+02
   5.5021398e+02   7.9726204e+02
   5.7132403e+02   9.0599272e+02
   6.3763636e+02   7.5695620e+02
   5.4166180e+02   6.4561900e+02
   5.4794428e+02   8.4144365e+02
   4.7645838e+02   6.0703211e+02
   5.3212980e+02   7.6698946e+02
   6.6669187e+02   9.5235048e+02
   5.7021055e+02   8.8898575e+02
   5.2901343e+02   6.5425763e+02
   5.8112389e+02   7.0090953e+02
   5.4092326e+02   8.1093090e+02
   5.5534104e+02   8.2080774e+02
   5.5172038e+02   6.2354592e+02
   6.5067046e+02   9.3115409e+02
   5.3324410e+02   8.5904130e+02
   5.1487673e+02   7.8180318e+02
   6.5998810e+02   1.0010843e+03
   5.9496265e+02   8.5789413e+02
   5.6830840e+02   9.5894976e+02
   6.0168087e+02   9.0889880e+02
   6.0717273e+02   9.4045684e+02
   5.9442790e+02   9.3215430e+02
   6.2578314e+02   1.0845471e+03
   6.1670813e+02   7.8515572e+02
   5.1979267e+02   7.7590728e+02
   6.0374363e+02   9.3836721e+02
   5.6323169e+02   1.0768934e+03
   5.6538879e+02   9.0695054e+02
   5.3544348e+02   7.3744099e+02
   5.7936395e+02   7.7968420e+02
   4.6243030e+02   5.4150461e+02
   5.4051937e+02   8.9292931e+02
   5.9188768e+02   8.2687971e+02
   5.4585647e+02   8.5580477e+02
   5.6753719e+02   8.8288395e+02
   5.5767755e+02   9.2652691e+02
   5.6333868e+02   9.2892945e+02
   6.6264612e+02   9.3357889e+02
   6.1174812e+02   9.2762496e+02
   5.4797663e+02   9.0298747e+02
   6.0013825e+02   1.0075768e+03
   6.1708831e+02   9.5792936e+02
   5.8244570e+02   1.0126481e+03
   5.3641707e+02   9.2772159e+02
   5.7481035e+02   7.9556062e+02
   5.2939913e+02   8.6668112e+02
   5.4390177e+02   7.5734318e+02
   5.4125941e+02   9.0930836e+02
   5.6906913e+02   8.9217994e+02
   6.1973733e+02   9.5261644e+02
   5.5565310e+02   7.5694487e+02
   5.6488093e+02   9.6473240e+02
   6.4145202e+02   1.0013270e+03
   5.2149366e+02   7.6628463e+02
   6.0696110e+02   8.8196142e+02
   5.4467491e+02   8.9893421e+02
   5.7984454e+02   9.9244533e+02
   6.4579210e+02   8.6733292e+02
   5.6522970e+02   6.5353292e+02
   6.3461732e+02   1.0657695e+03
   4.5947681e+02   6.1598802e+02
   5.8371590e+02   7.5367689e+02
   5.8704047e+02   1.0827700e+03
   5.9716854e+02   8.5406883e+02
   4.7835080e+02   5.5783401e+02
   6.5170770e+02   1.0203126e+03
   5.9913867e+02   7.0307101e+02
   5.7963043e+02   1.0585189e+03
   5.4753598e+02   6.8707833e+02
   6.1191873e+02   1.0259011e+03
   5.6998065e+02   8.8932090e+02
   6.4541086e+02   9.3774071e+02
   6.0566718e+02   1.0000518e+03
   5.9889686e+02   7.6806636e+02
   5.9232097e+02   8.4296651e+02
   5.3224784e+02   6.4591962e+02
   5.4484963e+02   9.0340891e+02
   5.2547048e+02   6.5093774e+02
   6.4424463e+02   8.3685817e+02
   6.4933306e+02   1.0687414e+03
   6.0594265e+02   9.1642301e+02
   6.5965151e+02   8.8768093e+02
   5.3694919e+02   9.2678431e+02
   6.8547460e+02   1.0144890e+03
   5.7205457e+02   7.7277038e+02
   5.4248661e+02   8.1661589e+02
   5.2683373e+02   7.6821290e+02
   6.5963504e+02   1.0457601e+03
   5.3760334e+02   8.5808177e+02
   5.6053802e+02   6.6715110e+02
   5.5824064e+02   6.4253530e+02
   6.0859670e+02   7.0905678e+02
   6.0946532e+02   1.1094085e+03
   5.5674871e+02   8.6279536e+02
   5.3729221e+02   7.5450375e+02
   6.1436323e+02   8.5377492e+02
   6.3448133e+02   9.7784467e+02
   6.1169941e+02   8.8525186e+02
   5.3417266e+02   7.5743571e+02
   5.7725785e+02   9.1359601e+02
   5.2123151e+02   6.7988607e+02
   5.2311092e+02   8.2749652e+02
   5.5901285e+02   7.0030760e+02
   5.1556567e+02   6.8822105e+02
   5.6610505e+02   8.7424612e+02
   5.9597829e+02   8.5884195e+02
   5.5958646e+02   8.4019535e+02
   5.2644277e+02   6.5266707e+02
   4.3230912e+02   7.2202658e+02
   5.1074886e+02   7.4322616e+02
   5.5604368e+02   7.2262474e+02
   5.1950476e+02   7.1947118e+02
   5.4840509e+02   9.1491692e+02
   5.9346532e+02   8.4987006e+02
   5.4629780e+02   6.6667724e+02
   4.7176147e+02   9.7841329e+02
   5.4378728e+02   8.4179604e+02
   5.7087774e+02   8.3035473e+02
   5.6349510e+02   6.0158985e+02
   5.6999088e+02   9.1421212e+02
   5.2278116e+02   8.7251752e+02
   5.5199314e+02   9.3884239e+02
   5.0360007e+02   6.2863609e+02
   6.3737031e+02   1.1044462e+03
   6.3932318e+02   1.1832807e+03
   5.9047094e+02   6.4733228e+02
   6.1233907e+02   1.0472474e+03
   6.7472420e+02   1.1317848e+03
   5.9152593e+02   7.1744649e+02
   6.4738892e+02   9.6798546e+02
   5.8993458e+02   8.2356374e+02
   5.2424476e+02   7.6746510e+02
   5.1902879e+02   6.3138891e+02
   5.2414961e+02   7.2401807e+02
   5.1773814e+02   6.9957554e+02
   4.4949694e+02   5.8472983e+02
   5.3556461e+02   8.0486721e+02
   5.4922241e+02   7.7807727e+02
   5.5506749e+02   9.0586866e+02
   5.7636769e+02   1.1992299e+03
   5.0519683e+02   7.3916363e+02
   6.6329695e+02   1.0915929e+03
   5.5649943e+02   5.3195672e+02
   5.2480025e+02   8.0454871e+02
   5.3115962e+02   9.9888852e+02
   5.3210141e+02   8.2937646e+02
   6.1381025e+02   8.5291185e+02
   6.4247740e+02   1.2448158e+03
   6.3271514e+02   1.0079611e+03
   5.6502442e+02   9.1671681e+02
   5.3761631e+02   9.0920787e+02
   5.6881079e+02   7.6409115e+02
   5.8882444e+02   9.1305968e+02
   6.1408120e+02   1.2663526e+03
   6.0432216e+02   8.6125175e+02
   5.7654940e+02   1.1288907e+03
   5.1063120e+02   5.9758074e+02
   5.8919165e+02   8.6147366e+02
   6.0413270e+02   1.0865861e+03
   5.9015573e+02   7.1288772e+02
   6.3342256e+02   1.2161647e+03
   5.4232630e+02   7.6381885e+02
   5.8741154e+02   8.4213649e+02
   5.3163177e+02   6.0004961e+02
   5.6723715e+02   8.1665151e+02
   5.9391598e+02   6.9085262e+02
   6.0466195e+02   9.1014690e+02
   5.9212851e+02   9.5151783e+02
   6.3297563e+02   7.4075638e+02
   6.1418542e+02   8.0433968e+02
   5.1607476e+02   7.5090731e+02
   5.4544542e+02   6.8848663e+02
   6.3134776e+02   1.0835415e+03
   5.4500400e+02   8.0372119e+02
   5.0631131e+02   7.2588881e+02
   6.1917313e+02   9.0950863e+02
   5.1977316e+02   6.5892424e+02
   5.5622266e+02   9.8919089e+02
   6.0644836e+02   7.8071212e+02
   5.9355845e+02   9.1003651e+02
   5.1560984e+02   9.4404719e+02
   5.3328867e+02   6.2166350e+02
   5.7479445e+02   8.0358379e+02
   5.6137126e+02   8.6492699e+02
   4.8259330e+02   4.6374383e+02
   5.6964244e+02   8.1918943e+02
   5.5959874e+02   7.7312800e+02
   5.2759528e+02   8.4030372e+02
   5.8514053e+02   1.0369936e+03
   6.6024056e+02   1.0234884e+03
   5.5798996e+02   8.5717621e+02
   6.4475639e+02   1.0751746e+03
   5.7886181e+02   9.0923447e+02
   5.8051303e+02   8.6068144e+02
   5.0133356e+02   7.3065975e+02
   6.6919654e+02   8.5473288e+02
   5.8914897e+02   1.1569386e+03
   6.7147832e+02   1.0021717e+03
   5.3922983e+02   8.4918563e+02
   5.8054257e+02   8.5783258e+02
   5.4032018e+02   5.8231308e+02
   5.9572490e+02   9.2497576e+02
   5.6654496e+02   9.2145790e+02
   5.8726917e+02   8.7534869e+02
   5.7024057e+02   1.0147053e+03
   6.5663970e+02   9.8811584e+02
   6.5612968e+02   9.8915717e+02
   5.6043888e+02   8.4899284e+02
   4.5441101e+02   5.7532941e+02
   6.3272423e+02   7.9794472e+02
   5.2304925e+02   6.4979956e+02
   6.0861390e+02   7.6678029e+02
   4.9881905e+02   7.8795593e+02
   5.5465874e+02   8.3181657e+02
   5.7558546e+02   6.9358176e+02
   5.3968701e+02   6.1415841e+02
   5.6658957e+02   7.4625542e+02
   5.3372685e+02   8.3967214e+02
   5.7278959e+02   9.5320109e+02
   6.0150861e+02   1.0514801e+03
   6.0204079e+02   1.1541704e+03
   5.8860173e+02   7.9035577e+02
   5.8725951e+02   6.4235559e+02
   6.3057693e+02   8.7968743e+02
   5.6230550e+02   6.3296877e+02
   5.2345509e+02   1.0027412e+03
   6.3585139e+02   1.0612086e+03
   6.0758865e+02   9.4174219e+02
   5.3111369e+02   6.6653504e+02
   5.3024238e+02   7.5911893e+02
   5.9173410e+02   9.9351710e+02
   5.8406632e+02   8.0455067e+02
   4.6659223e+02   1.0147987e+03
   5.6565326e+02   6.3592507e+02
   4.9110619e+02   6.3000863e+02
   5.6378674e+02   8.9064155e+02
   4.9223634e+02   6.1941308e+02
   5.3696546e+02   8.3710382e+02
   6.1549945e+02   9.2391637e+02
   6.1676922e+02   8.8784702e+02
   6.0320383e+02   1.0201458e+03
   5.4919904e+02   7.0447790e+02
   5.6113133e+02   7.6977849e+02
   5.9362295e+02   1.0755762e+03
   5.6863320e+02   6.2699228e+02
   5.3583308e+02   8.6384098e+02
   5.6903119e+02   8.8986232e+02
   5.3614226e+02   5.2999213e+02
   5.1227923e+02   8.7021056e+02
   5.6014880e+02   9.0163893e+02
   6.1613567e+02   1.0012542e+03
   5.6663870e+02   1.0000968e+03
   5.2701356e+02   8.9128801e+02
   5.4820089e+02   7.9409927e+02
   5.7948948e+02   8.6671690e+02
   5.5442752e+02   9.3644306e+02
   5.7546908e+02   8.0272475e+02
   5.8194160e+02   9.7087061e+02
   6.1510177e+02   8.4926901e+02
   5.2519820e+02   7.3738247e+02
   5.1038997e+02   8.8346622e+02
   5.6655426e+02   8.0188712e+02
   5.6396383e+02   7.8371345e+02
   5.1665637e+02   9.0916036e+02
   6.1536303e+02   7.7745580e+02
   6.0083121e+02   7.5561684e+02
   5.7235718e+02   6.8218422e+02
   6.2958186e+02   1.0362830e+03
   6.0159509e+02   8.3289916e+02
   6.2879539e+02   1.0690009e+03
   6.1636992e+02   9.1211745e+02
   5.6331020e+02   7.5003850e+02
   5.2438385e+02   9.4643148e+02
   5.3952221e+02   8.7238897e+02
   5.7462160e+02   7.0720291e+02
   5.4318976e+02   5.7436899e+02
   5.4908013e+02   7.0297661e+02
   5.3557798e+02   9.4730270e+02
   6.1035798e+02   8.4826719e+02
   6.3928535e+02   9.8821706e+02
   5.3269584e+02   1.0120801e+03
   5.7858252e+02   8.9364087e+02
   5.7499385e+02   8.5067519e+02
   6.1742942e+02   9.6254888e+02
   5.6007596e+02   9.9243321e+02
   6.0539791e+02   7.6056548e+02
   5.3065744e+02   7.0770442e+02
   6.8327775e+02   1.1486344e+03
   5.6223025e+02   9.7457598e+02
   4.8842121e+02   8.7198331e+02
   6.3610774e+02   9.1110451e+02
   5.1875083e+02   7.1128666e+02
   5.8892432e+02   8.6779502e+02
   5.5432860e+02   6.3591994e+02
   5.4643604e+02   8.4102607e+02
   5.1078927e+02   9.5866460e+02
   6.3395114e+02   1.0888423e+03
   5.9183432e+02   7.4174663e+02
   6.3342305e+02   8.8339465e+02
   6.5431507e+02   1.0964582e+03
   6.6466952e+02   9.6953795e+02
   6.4780929e+02   1.0553227e+03
   5.0805052e+02   5.7079138e+02
   6.0845704e+02   9.2170247e+02
   5.8476284e+02   7.6958248e+02
   5.6679261e+02   7.8758172e+02
   6.0664178e+02   1.0897874e+03
   5.3974618e+02   7.2491195e+02
   5.5580091e+02   1.0199875e+03
   5.9084065e+02   8.8185521e+02
   5.9048598e+02   9.8316342e+02
   6.5169731e+02   1.0115395e+03
   5.5724783e+02   8.0550094e+02
   5.0125108e+02   6.3367908e+02
   5.4137976e+02   1.0304443e+03
   4.9936309e+02   6.2442316e+02
   5.0811071e+02   9.0672670e+02
   5.2975813e+02   5.8492997e+02
   5.5798127e+02   9.4649961e+02
   4.7873535e+02   6.6500635e+02
   5.9609831e+02   9.8216711e+02
   5.7541304e+02   7.9890164e+02
   5.9297794e+02   5.8404172e+02
   5.3281634e+02   6.9867553e+02
   6.0849999e+02   1.1152220e+03
   5.6609682e+02   7.0052322e+02
   5.9976385e+02   9.2930102e+02
   6.2176818e+02   8.9186803e+02
   6.7551073e+02   1.1518070e+03
   5.5469780e+02   7.5297191e+02
   6.1149505e+02   1.0019770e+03
   4.9548526e+02   6.3860064e+02
   5.6940904e+02   8.3610486e+02
   5.4628018e+02   7.0037685e+02
   5.9358475e+02   1.0375228e+03
   5.5279111e+02   7.9130841e+02
   6.1770181e+02   8.9878143e+02
   5.6018450e+02   7.6834596e+02
   5.8682079e+02   8.8500432e+02
   5.0673240e+02   7.0795025e+02
   5.8782256e+02   9.1456881e+02
   5.8659246e+02   1.0729092e+03
   5.3524471e+02   9.4267428e+02
   5.3930823e+02   5.1291551e+02
   5.6986443e+02   7.6796451e+02
   5.6339290e+02   8.0523777e+02
   5.6298826e+02   1.0028088e+03
   5.7271825e+02   6.8747249e+02
   6.3771029e+02   9.9159480e+02
   5.8160926e+02   8.8849675e+02
   5.3722958e+02   6.4027980e+02
   5.8357382e+02   6.9049683e+02
   5.3117699e+02   6.1455652e+02
   6.4205598e+02   1.0041179e+03
   5.5454670e+02   7.2999737e+02
   5.3338408e+02   8.5467429e+02
   5.8276420e+02   1.0101031e+03
   5.5037667e+02   8.3887473e+02
   6.2469469e+02   9.2518456e+02
   5.9735816e+02   1.0009686e+03
   5.8688985e+02   9.1146164e+02
   5.4830712e+02   6.9367220e+02
   5.5135919e+02   7.8885057e+02
   4.7832540e+02   7.8191592e+02
   5.6308750e+02   8.3768084e+02
   4.6899686e+02   7.6385336e+02
   4.6317031e+02   5.7473024e+02
   5.6854512e+02   9.6067465e+02
   5.3163607e+02   6.8968627e+02
   6.4910980e+02   1.0751075e+03
   5.0592582e+02   7.1538274e+02
   4.9216106e+02   5.7770639e+02
   5.7915117e+02   7.7440032e+02
   5.8002151e+02   8.1864011e+02
   6.0325083e+02   9.4786825e+02
   6.2969064e+02   8.0496010e+02
   6.1355270e+02   7.6275944e+02
   6.0526230e+02   9.5779967e+02
   5.7780401e+02   9.2982989e+02
   5.6437261e+02   8.4406754e+02
   5.4329954e+02   6.8924784e+02
   6.0156178e+02   8.2815675e+02
   5.7263773e+02   6.2560766e+02
   6.7284370e+02   1.0212013e+03
   6.1410693e+02   1.0740905e+03
   5.4565630e+02   7.1169267e+02
   5.5998215e+02   9.3384004e+02
   5.2460046e+02   7.6374721e+02
   6.1199820e+02   1.3225316e+03
   5.6469362e+02   8.4015149e+02
   5.7452311e+02   7.9319630e+02
   5.4217411e+02   8.5051287e+02
   5.6113105e+02   7.2289278e+02
   5.5163771e+02   6.9486943e+02
   5.2509438e+02   9.2213181e+02
   5.0712158e+02   6.9335063e+02
   5.4043601e+02   6.6423440e+02
   5.8404325e+02   1.0180967e+03
   5.6024301e+02   8.4619474e+02
   4.9079126e+02   6.4571115e+02
   6.2790569e+02   8.4936504e+02
   5.6882618e+02   1.1329749e+03
   5.8467089e+02   6.8495212e+02
   5.9073033e+02   8.3672397e+02
   4.9674187e+02   9.3945120e+02
   5.9218379e+02   1.0034413e+03
   5.3936890e+02   8.1977277e+02
   5.7077038e+02   8.4946282e+02
   6.1344900e+02   8.2467984e+02
   5.8468247e+02   8.7114694e+02
   5.4775941e+02   8.1878773e+02
   4.9383897e+02   8.0479052e+02
   5.0874119e+02   7.0513592e+02
   5.9161133e+02   7.6567189e+02
   5.6477006e+02   6.6964261e+02
   5.1513241e+02   6.9873965e+02
   5.5177888e+02   8.4334255e+02
   6.1095714e+02   9.7748205e+02
   5.8204018e+02   9.8503008e+02
   5.2125635e+02   8.1248552e+02
   5.1668570e+02   8.4266509e+02
   4.9970864e+02   7.4966225e+02
   5.3431713e+02   6.0706223e+02
   5.9385788e+02   8.0022802e+02
   5.9694281e+02   8.2409738e+02
   6.5256619e+02   1.1854397e+03
   5.5758840e+02   7.1636501e+02
   5.3311474e+02   9.9242579e+02
   4.9543261e+02   5.1737443e+02
   5.5400437e+02   9.4154124e+02
   5.2240250e+02   8.2202392e+02
   6.2679581e+02   8.9196680e+02
   5.6417509e+02   9.0757167e+02
   5.8185133e+02   7.2284268e+02
   5.2616361e+02   7.7630424e+02
   5.7693803e+02   8.0364675e+02
   5.8683528e+02   1.0960051e+03
   5.4993127e+02   8.0671059e+02
   5.5303694e+02   8.6218793e+02
   5.0444750e+02   6.4632955e+02
   5.7863390e+02   7.7577860e+02
   6.5787919e+02   1.0226886e+03
   5.3568852e+02   7.1025582e+02
   6.1096470e+02   9.9383681e+02
   5.5065749e+02   9.2054293e+02
   5.4939142e+02   5.7785514e+02
   5.5787734e+02   1.0129022e+03
   5.5681363e+02   8.1951316e+02
   5.6328955e+02   6.1153607e+02
   6.0537800e+02   6.5244258e+02
   5.8744009e+02   9.2413431e+02
   5.7260751e+02   8.0881822e+02
   4.8050042e+02   5.6332483e+02
   6.5178183e+02   8.1953236e+02
   5.7461037e+02   7.1980834e+02
   7.1092584e+02   1.0917556e+03
   6.3292399e+02   7.7828738e+02
   5.6325393e+02   8.3448073e+02
   5.8245153e+02   8.4603506e+02
   5.2803304e+02   9.6832011e+02
   5.3497450e+02   7.6303533e+02
   6.0675776e+02   9.6694556e+02
   5.3765349e+02   9.2689323e+02
   5.9669991e+02   8.3290514e+02
   5.9525192e+02   6.6278833e+02
   6.1328225e+02   8.6035428e+02
   5.8638452e+02   8.0448824e+02
   6.1882601e+02   7.9958230e+02
   5.6346393e+02   7.8212148e+02
   5.3914308e+02   7.2467475e+02
   5.9386522e+02   1.0191873e+03
   5.4868554e+02   6.2550983e+02
   6.1352976e+02   9.8908021e+02
   5.3318447e+02   6.9322803e+02
   5.6265529e+02   6.8208429e+02
   5.1845667e+02   8.0954080e+02
   4.7559173e+02   7.9411079e+02
   5.9800699e+02   6.8437209e+02
   5.2561909e+02   6.2215502e+02
   5.8187673e+02   8.2936753e+02
   6.0767710e+02   1.0836219e+03
   5.2827278e+02   8.1334869e+02
   5.9409646e+02   8.8955796e+02
   5.3763045e+02   7.7586874e+02
   4.9601891e+02   5.9401844e+02
   4.6962518e+02   6.2609959e+02
   5.9577467e+02   9.8525450e+02
   5.9912852e+02   8.4080614e+02
   5.7846847e+02   9.5343944e+02
   5.4416800e+02   7.3430310e+02
   5.1035822e+02   9.0351339e+02
   5.4684866e+02   8.7975900e+02
   5.6254232e+02   9.0380212e+02
   6.1029191e+02   9.8896946e+02
   5.7713472e+02   7.3880056e+02
   5.9860571e+02   7.8501990e+02
   5.8033323e+02   8.1855336e+02
   5.6167351e+02   8.5189973e+02
   4.0138446e+02   4.8031048e+02
   6.3436968e+02   8.2262197e+02
   5.9461399e+02   8.9198340e+02
   5.6493809e+02   7.8088886e+02
   5.0413807e+02   5.9706903e+02
   6.4299926e+02   8.1891801e+02
   5.5062672e+02   7.0400045e+02
   5.8028424e+02   7.2074713e+02
   5.5767193e+02   1.0185357e+03
   5.7754334e+02   6.4420578e+02
   5.6785574e+02   6.0398722e+02
   6.5099538e+02   8.8530583e+02
   5.7358712e+02   9.4783484e+02
   4.9840130e+02   5.9838720e+02
   6.0355413e+02   9.6835226e+02
   4.7504809e+02   7.3839651e+02
   5.9319686e+02   6.6331999e+02
   5.9143604e+02   6.6016636e+02
   5.3913620e+02   8.5809051e+02
   6.0870654e+02   8.7027747e+02
   5.4819812e+02   8.8232956e+02
   6.0850461e+02   9.3887938e+02
   4.9759772e+02   6.6114199e+02
   6.5859083e+02   1.0120218e+03
   5.5495612e+02   6.2851940e+02
   6.8059178e+02   1.1131815e+03
   6.2771536e+02   1.0121632e+03
   5.8937598e+02   8.9028147e+02
   5.1274780e+02   8.1440081e+02
   5.8411052e+02   8.7012014e+02
   5.2070857e+02   7.6389464e+02
   6.4745870e+02   1.0054776e+03
   4.9322442e+02   5.4973234e+02
   6.6734458e+02   1.0543281e+03
   5.6339937e+02   6.1270417e+02
   5.4849852e+02   8.6479613e+02
   5.9176438e+02   1.0358555e+03
   5.8328877e+02   9.1860243e+02
   5.2383874e+02   7.6970634e+02
   6.1313231e+02   9.7697664e+02
   5.9099630e+02   1.0432556e+03
   5.3471116e+02   5.4347657e+02
   5.9885167e+02   1.0061769e+03
   5.9261759e+02   8.4352020e+02
   5.5998628e+02   7.7389671e+02
   5.5632491e+02   9.1260626e+02
   5.6608931e+02   1.0489384e+03
   5.3629908e+02   8.7624916e+02
   5.4419110e+02   7.5047640e+02
   5.1982268e+02   7.9754189e+02
   6.4952072e+02   9.1433285e+02
   6.5722016e+02   1.0364125e+03
   6.1615577e+02   1.0264536e+03
   5.1007471e+02   7.5351961e+02
   5.0048187e+02   7.3911386e+02
   5.3680189e+02   7.5396993e+02
   5.5550172e+02   8.0515139e+02
   5.9043449e+02   8.8135319e+02
   6.3009464e+02   1.0020484e+03
   5.6409657e+02   9.3029057e+02
   5.6125480e+02   7.8483586e+02
   5.3922965e+02   8.3176835e+02
   5.7661759e+02   9.4272160e+02
   5.4414542e+02   8.6192823e+02
   6.2055794e+02   8.9912543e+02
   6.2416275e+02   8.2514637e+02
   5.4894277e+02   7.5343009e+02
   5.8873456e+02   1.0425128e+03
   5.2339577e+02   6.3305727e+02
   5.4540058e+02   8.1871717e+02
   5.0083188e+02   7.6459828e+02
   5.9755928e+02   7.4414602e+02
   4.9464900e+02   7.5907117e+02
   6.1623749e+02   8.6932312e+02
   5.8958060e+02   9.5986853e+02
   4.9123923e+02   7.8819352e+02
   5.5526803e+02   7.8651498e+02
   5.8600452e+02   8.1692323e+02
   5.5984754e+02   9.2637177e+02
   5.8157682e+02   1.1339016e+03
   5.5637403e+02   9.8942559e+02
   5.8364085e+02   1.0757617e+03
   5.3802442e+02   8.1491741e+02
   5.6503542e+02   8.8143447e+02
   5.5650377e+02   8.5673458e+02
   5.6371898e+02   9.5535107e+02
   5.1410557e+02   7.8151791e+02
   6.1163728e+02   9.0296099e+02
   6.2436390e+02   1.0554293e+03
   5.4943989e+02   8.0166061e+02
   5.8743781e+02   9.7433202e+02
   6.5350725e+02   8.4504512e+02
   6.1493080e+02   1.0243106e+03
   5.4856283e+02   8.6236680e+02
   5.3453562e+02   7.7638153e+02
   5.4727170e+02   7.1748792e+02
   4.9823572e+02   6.1666748e+02
   5.7897362e+02   8.8821848e+02
   6.3683148e+02   9.7818399e+02
   4.9056286e+02   6.9998827e+02
   6.8390665e+02   1.0509368e+03
   5.9616260e+02   8.2378326e+02
   5.7224499e+02   8.3835679e+02
   5.0499657e+02   6.9948072e+02
   6.2826128e+02   7.9370464e+02
   4.7011110e+02   7.2682917e+02
   4.4183127e+02   7.7402985e+02
   5.4133966e+02   6.6747737e+02
   5.5487024e+02   8.3895689e+02
   6.2395055e+02   1.1005819e+03
   5.6713558e+02   6.5151875e+02
   5.5614911e+02   8.9137814e+02
   5.3755371e+02   8.4002672e+02
   5.9949320e+02   9.2427098e+02
   5.1624637e+02   6.1143690e+02
   5.4367675e+02   6.3655978e+02
   5.6538011e+02   8.7442251e+02
   5.7222805e+02   8.9858752e+02
   5.4867378e+02   8.9160672e+02
   5.5490091e+02   9.5548178e+02
   5.5735389e+02   8.8288348e+02
   5.1833406e+02   7.3378509e+02
   6.6394104e+02   9.5322836e+02
   5.0215712e+02   9.3626595e+02
   6.6428027e+02   9.5890976e+02
   6.0518299e+02   7.6465677e+02
   5.3301524e+02   9.1236804e+02
   5.0673428e+02   7.5494614e+02
   5.7568301e+02   8.2396716e+02
   6.0641687e+02   1.0025318e+03
   5.3773362e+02   7.4227834e+02
   5.9431112e+02   8.3039336e+02
   5.7667872e+02   8.5166361e+02
   5.8434266e+02   9.2099958e+02
   5.1144153e+02   7.4020279e+02
   5.1072186e+02   7.2423074e+02
   5.8181157e+02   8.1797833e+02
   5.1070787e+02   7.4005057e+02
   4.6251579e+02   7.4124281e+02
   5.4914373e+02   8.3255122e+02
   5.3636183e+02   7.1105618e+02
   5.7763733e+02   9.0628418e+02
   5.7350755e+02   6.7301540e+02
   6.0835066e+02   9.1704159e+02
   5.5887236e+02   6.4009023e+02
   5.5528609e+02   6.9189821e+02
   5.9161444e+02   8.0090012e+02
   5.8359503e+02   7.8113755e+02
   5.5026517e+02   9.0568057e+02
   6.4667560e+02   7.1753093e+02
   5.3214434e+02   6.5112083e+02
   5.3159611e+02   6.7049658e+02
   5.5913656e+02   9.2581350e+02
   6.3552783e+02   1.0009760e+03
   5.2364888e+02   7.6714782e+02
   5.4611070e+02   7.8312613e+02
   5.1761610e+02   8.1273761e+02
   5.8115241e+02   9.7607570e+02
   5.4503027e+02   8.3895895e+02
   6.0121394e+02   9.8040345e+02
   6.0550667e+02   1.0776242e+03
   5.5182343e+02   8.7408795e+02
   6.1271597e+02   1.1532913e+03
   6.3627288e+02   1.1167937e+03
   6.3300630e+02   8.7114736e+02
   5.0495794e+02   6.5984041e+02
   5.2152060e+02   7.3018964e+02
   4.8641605e+02   6.2628636e+02
   6.2910877e+02   7.1831415e+02
   5.4813462e+02   8.1552668e+02
   5.2500123e+02   5.2023120e+02
   5.1250012e+02   6.6451830e+02
   5.5869262e+02   5.5393862e+02
   5.6641305e+02   8.8382966e+02
   6.1633105e+02   1.0207939e+03
   5.7881830e+02   7.6617739e+02
   4.9143255e+02   5.5717634e+02
   5.5933227e+02   1.1385188e+03
   5.3638542e+02   8.4524144e+02
   5.9777844e+02   7.7796330e+02
   5.6962968e+02   7.9346988e+02
   5.7271217e+02   1.2095006e+03
   5.7061016e+02   8.5239059e+02
   5.8187415e+02   8.1467803e+02
   5.9109522e+02   9.3906102e+02
   5.2800053e+02   9.4627861e+02
   5.6745657e+02   9.8050991e+02
   6.1017992e+02   8.9811506e+02
   5.9371869e+02   5.8905804e+02
   5.4049097e+02   6.9822911e+02
   5.4987534e+02   7.5082903e+02
   5.6291108e+02   9.3357747e+02
   5.9676324e+02   9.5001627e+02
   5.2147674e+02   9.3985553e+02
   5.9504239e+02   1.0854463e+03
   5.9533474e+02   7.3365622e+02
   5.8618515e+02   8.4407579e+02
   5.3693941e+02   7.5517285e+02
   6.0436554e+02   8.4301488e+02
   5.7987527e+02   9.2321299e+02
   5.8002378e+02   7.9844711e+02
   6.5139926e+02   1.0934949e+03
   5.4205705e+02   7.2874467e+02
   5.6711064e+02   8.3485542e+02
